0 0.0 0.0 0.0
1 -10.08280546463245 -0.6820785506180647 -1.183986334130168
2 -21.728101612107206 -0.8678044299040408 -2.9549195431172848
3 -31.664329129187948 -1.4832863312948188 -3.014264087192714
4 -40.90469617184115 -2.1933910100780487 -4.469859259203076
5 -42.44171964048623 -4.163666561332384 -3.7481241188943386
6 -39.33200802269937 -6.309148333742822 -3.005599425174296
7 -34.76973425270518 -8.453197660883646 0.444460054859519
8 -28.63714313042947 -10.644337880337835 2.080497408285737
9 -22.65022602203802 -12.862992559371682 3.2439460093155503
