1702212046034310000
1702212046067675266
1702212046101040533
1702212046134405800
1702212046167771066
1702212046201136333
1702212046234501600
1702212046267866866
1702212046301232133
1702212046334597400
1702212046367962666
1702212046401327933
1702212046434693200
1702212046468058466
1702212046501423733
1702212046534789000
1702212046568154266
1702212046601519533
1702212046634884800
1702212046668250066
1702212046701615333
1702212046734980600
1702212046768345866
1702212046801711133
1702212046835076400
1702212046868441666
1702212046901806933
1702212046935172200
1702212046968537466
1702212047001902733
1702212047035268000
1702212047068633366
1702212047101998733
1702212047135364100
1702212047168729466
1702212047202094833
1702212047235460200
1702212047268825566
1702212047302190933
1702212047335556300
1702212047368921666
1702212047402287033
1702212047435652400
1702212047469017766
1702212047502383133
1702212047535748500
1702212047569113866
1702212047602479233
1702212047635844600
1702212047669209966
1702212047702575333
1702212047735940700
1702212047769306066
1702212047802671433
1702212047836036800
1702212047869402166
1702212047902767533
1702212047936132900
1702212047969498266
1702212048002863633
1702212048036229000
1702212048069594366
1702212048102959733
1702212048136325100
1702212048169690466
1702212048203055833
1702212048236421200
1702212048269786566
1702212048303151933
1702212048336517300
1702212048369882666
1702212048403248033
1702212048436613400
1702212048469978766
1702212048503344133
1702212048536709500
1702212048570074866
1702212048603440233
1702212048636805600
1702212048670170966
1702212048703536333
1702212048736901700
1702212048770267066
1702212048803632433
1702212048836997800
1702212048870363166
1702212048903728533
1702212048937093900
1702212048970459266
1702212049003824633
1702212049037190000
1702212049070555300
1702212049103920600
1702212049137285900
1702212049170651200
1702212049204016500
1702212049237381800
1702212049270747100
1702212049304112400
1702212049337477700
1702212049370843000
1702212049404208300
1702212049437573600
1702212049470938900
1702212049504304200
1702212049537669500
1702212049571034800
1702212049604400100
1702212049637765400
1702212049671130700
1702212049704496000
1702212049737861300
1702212049771226600
1702212049804591900
1702212049837957200
1702212049871322500
1702212049904687800
1702212049938053100
1702212049971418400
1702212050004783700
1702212050038149000
1702212050071514366
1702212050104879733
1702212050138245100
1702212050171610466
1702212050204975833
1702212050238341200
1702212050271706566
1702212050305071933
1702212050338437300
1702212050371802666
1702212050405168033
1702212050438533400
1702212050471898766
1702212050505264133
1702212050538629500
1702212050571994866
1702212050605360233
1702212050638725600
1702212050672090966
1702212050705456333
1702212050738821700
1702212050772187066
1702212050805552433
1702212050838917800
1702212050872283166
1702212050905648533
1702212050939013900
1702212050972379266
1702212051005744633
1702212051039110000
1702212051072475300
1702212051105840600
1702212051139205900
1702212051172571200
1702212051205936500
1702212051239301800
1702212051272667100
1702212051306032400
1702212051339397700
1702212051372763000
1702212051406128300
1702212051439493600
1702212051472858900
1702212051506224200
1702212051539589500
1702212051572954800
1702212051606320100
1702212051639685400
1702212051673050700
1702212051706416000
1702212051739781300
1702212051773146600
1702212051806511900
1702212051839877200
1702212051873242500
1702212051906607800
1702212051939973100
1702212051973338400
1702212052006703700
1702212052040069000
1702212052073434366
1702212052106799733
1702212052140165100
1702212052173530466
1702212052206895833
1702212052240261200
1702212052273626566
1702212052306991933
1702212052340357300
1702212052373722666
1702212052407088033
1702212052440453400
1702212052473818766
1702212052507184133
1702212052540549500
1702212052573914866
1702212052607280233
1702212052640645600
1702212052674010966
1702212052707376333
1702212052740741700
1702212052774107066
1702212052807472433
1702212052840837800
1702212052874203166
1702212052907568533
1702212052940933900
1702212052974299266
1702212053007664633
1702212053041030000
1702212053074395300
1702212053107760600
1702212053141125900
1702212053174491200
1702212053207856500
1702212053241221800
1702212053274587100
1702212053307952400
1702212053341317700
1702212053374683000
1702212053408048300
1702212053441413600
1702212053474778900
1702212053508144200
1702212053541509500
1702212053574874800
1702212053608240100
1702212053641605400
1702212053674970700
1702212053708336000
1702212053741701300
1702212053775066600
1702212053808431900
1702212053841797200
1702212053875162500
1702212053908527800
1702212053941893100
1702212053975258400
1702212054008623700
1702212054041989000
1702212054075354366
1702212054108719733
1702212054142085100
1702212054175450466
1702212054208815833
1702212054242181200
1702212054275546566
1702212054308911933
1702212054342277300
1702212054375642666
1702212054409008033
1702212054442373400
1702212054475738766
1702212054509104133
1702212054542469500
1702212054575834866
1702212054609200233
1702212054642565600
1702212054675930966
1702212054709296333
1702212054742661700
1702212054776027066
1702212054809392433
1702212054842757800
1702212054876123166
1702212054909488533
1702212054942853900
1702212054976219266
1702212055009584633
1702212055042950000
1702212055076315300
1702212055109680600
1702212055143045900
1702212055176411200
1702212055209776500
1702212055243141800
1702212055276507100
1702212055309872400
1702212055343237700
1702212055376603000
1702212055409968300
1702212055443333600
1702212055476698900
1702212055510064200
1702212055543429500
1702212055576794800
1702212055610160100
1702212055643525400
1702212055676890700
1702212055710256000
1702212055743621300
1702212055776986600
1702212055810351900
1702212055843717200
1702212055877082500
1702212055910447800
1702212055943813100
1702212055977178400
1702212056010543700
1702212056043909000
1702212056077274366
1702212056110639733
1702212056144005100
1702212056177370466
1702212056210735833
1702212056244101200
1702212056277466566
1702212056310831933
1702212056344197300
1702212056377562666
1702212056410928033
1702212056444293400
1702212056477658766
1702212056511024133
1702212056544389500
1702212056577754866
1702212056611120233
1702212056644485600
1702212056677850966
1702212056711216333
1702212056744581700
1702212056777947066
1702212056811312433
1702212056844677800
1702212056878043166
1702212056911408533
1702212056944773900
1702212056978139266
1702212057011504633
1702212057044870000
1702212057078235300
1702212057111600600
1702212057144965900
1702212057178331200
1702212057211696500
1702212057245061800
1702212057278427100
1702212057311792400
1702212057345157700
1702212057378523000
1702212057411888300
1702212057445253600
1702212057478618900
1702212057511984200
1702212057545349500
1702212057578714800
1702212057612080100
1702212057645445400
1702212057678810700
1702212057712176000
1702212057745541300
1702212057778906600
1702212057812271900
1702212057845637200
1702212057879002500
1702212057912367800
1702212057945733100
1702212057979098400
1702212058012463700
1702212058045829000
1702212058079194366
1702212058112559733
1702212058145925100
1702212058179290466
1702212058212655833
1702212058246021200
1702212058279386566
1702212058312751933
1702212058346117300
1702212058379482666
1702212058412848033
1702212058446213400
1702212058479578766
1702212058512944133
1702212058546309500
1702212058579674866
1702212058613040233
1702212058646405600
1702212058679770966
1702212058713136333
1702212058746501700
1702212058779867066
1702212058813232433
1702212058846597800
1702212058879963166
1702212058913328533
1702212058946693900
1702212058980059266
1702212059013424633
1702212059046790000
1702212059080155300
1702212059113520600
1702212059146885900
1702212059180251200
1702212059213616500
1702212059246981800
1702212059280347100
1702212059313712400
1702212059347077700
1702212059380443000
1702212059413808300
1702212059447173600
1702212059480538900
1702212059513904200
1702212059547269500
1702212059580634800
1702212059614000100
1702212059647365400
1702212059680730700
1702212059714096000
1702212059747461300
1702212059780826600
1702212059814191900
1702212059847557200
1702212059880922500
1702212059914287800
1702212059947653100
1702212059981018400
1702212060014383700
1702212060047749000
1702212060081114366
1702212060114479733
1702212060147845100
1702212060181210466
1702212060214575833
1702212060247941200
1702212060281306566
1702212060314671933
1702212060348037300
1702212060381402666
1702212060414768033
1702212060448133400
1702212060481498766
1702212060514864133
1702212060548229500
1702212060581594866
1702212060614960233
1702212060648325600
1702212060681690966
1702212060715056333
1702212060748421700
1702212060781787066
1702212060815152433
1702212060848517800
1702212060881883166
1702212060915248533
1702212060948613900
1702212060981979266
1702212061015344633
1702212061048710000
1702212061082075300
1702212061115440600
1702212061148805900
1702212061182171200
1702212061215536500
1702212061248901800
1702212061282267100
1702212061315632400
1702212061348997700
1702212061382363000
1702212061415728300
1702212061449093600
1702212061482458900
1702212061515824200
1702212061549189500
1702212061582554800
1702212061615920100
1702212061649285400
1702212061682650700
1702212061716016000
1702212061749381300
1702212061782746600
1702212061816111900
1702212061849477200
1702212061882842500
1702212061916207800
1702212061949573100
1702212061982938400
1702212062016303700
1702212062049669000
1702212062083034366
1702212062116399733
1702212062149765100
1702212062183130466
1702212062216495833
1702212062249861200
1702212062283226566
1702212062316591933
1702212062349957300
1702212062383322666
1702212062416688033
1702212062450053400
1702212062483418766
1702212062516784133
1702212062550149500
1702212062583514866
1702212062616880233
1702212062650245600
1702212062683610966
1702212062716976333
1702212062750341700
1702212062783707066
1702212062817072433
1702212062850437800
1702212062883803166
1702212062917168533
1702212062950533900
1702212062983899266
1702212063017264633
1702212063050630000
1702212063083995300
1702212063117360600
1702212063150725900
1702212063184091200
1702212063217456500
1702212063250821800
1702212063284187100
1702212063317552400
1702212063350917700
1702212063384283000
1702212063417648300
1702212063451013600
1702212063484378900
1702212063517744200
1702212063551109500
1702212063584474800
1702212063617840100
1702212063651205400
1702212063684570700
1702212063717936000
1702212063751301300
1702212063784666600
1702212063818031900
1702212063851397200
1702212063884762500
1702212063918127800
1702212063951493100
1702212063984858400
1702212064018223700
1702212064051589000
1702212064084954366
1702212064118319733
1702212064151685100
1702212064185050466
1702212064218415833
1702212064251781200
1702212064285146566
1702212064318511933
1702212064351877300
1702212064385242666
1702212064418608033
1702212064451973400
1702212064485338766
1702212064518704133
1702212064552069500
1702212064585434866
1702212064618800233
1702212064652165600
1702212064685530966
1702212064718896333
1702212064752261700
1702212064785627066
1702212064818992433
1702212064852357800
1702212064885723166
1702212064919088533
1702212064952453900
1702212064985819266
1702212065019184633
1702212065052550000
1702212065085915300
1702212065119280600
1702212065152645900
1702212065186011200
1702212065219376500
1702212065252741800
1702212065286107100
1702212065319472400
1702212065352837700
1702212065386203000
1702212065419568300
1702212065452933600
1702212065486298900
1702212065519664200
1702212065553029500
1702212065586394800
1702212065619760100
1702212065653125400
1702212065686490700
1702212065719856000
1702212065753221300
1702212065786586600
1702212065819951900
1702212065853317200
1702212065886682500
1702212065920047800
1702212065953413100
1702212065986778400
1702212066020143700
1702212066053509000
1702212066086874366
1702212066120239733
1702212066153605100
1702212066186970466
1702212066220335833
1702212066253701200
1702212066287066566
1702212066320431933
1702212066353797300
1702212066387162666
1702212066420528033
1702212066453893400
1702212066487258766
1702212066520624133
1702212066553989500
1702212066587354866
1702212066620720233
1702212066654085600
1702212066687450966
1702212066720816333
1702212066754181700
1702212066787547066
1702212066820912433
1702212066854277800
1702212066887643166
1702212066921008533
1702212066954373900
1702212066987739266
1702212067021104633
1702212067054470000
1702212067087835300
1702212067121200600
1702212067154565900
1702212067187931200
1702212067221296500
1702212067254661800
1702212067288027100
1702212067321392400
1702212067354757700
1702212067388123000
1702212067421488300
1702212067454853600
1702212067488218900
1702212067521584200
1702212067554949500
1702212067588314800
1702212067621680100
1702212067655045400
1702212067688410700
1702212067721776000
1702212067755141300
1702212067788506600
1702212067821871900
1702212067855237200
1702212067888602500
1702212067921967800
1702212067955333100
1702212067988698400
1702212068022063700
1702212068055429000
1702212068088794366
1702212068122159733
1702212068155525100
1702212068188890466
1702212068222255833
1702212068255621200
1702212068288986566
1702212068322351933
1702212068355717300
1702212068389082666
1702212068422448033
1702212068455813400
1702212068489178766
1702212068522544133
1702212068555909500
1702212068589274866
1702212068622640233
1702212068656005600
1702212068689370966
1702212068722736333
1702212068756101700
1702212068789467066
1702212068822832433
1702212068856197800
1702212068889563166
1702212068922928533
1702212068956293900
1702212068989659266
1702212069023024633
1702212069056390000
1702212069089755300
1702212069123120600
1702212069156485900
1702212069189851200
1702212069223216500
1702212069256581800
1702212069289947100
1702212069323312400
1702212069356677700
1702212069390043000
1702212069423408300
1702212069456773600
1702212069490138900
1702212069523504200
1702212069556869500
1702212069590234800
1702212069623600100
1702212069656965400
1702212069690330700
1702212069723696000
1702212069757061300
1702212069790426600
1702212069823791900
1702212069857157200
1702212069890522500
1702212069923887800
1702212069957253100
1702212069990618400
1702212070023983700
1702212070057349000
1702212070090714366
1702212070124079733
1702212070157445100
1702212070190810466
1702212070224175833
1702212070257541200
1702212070290906566
1702212070324271933
1702212070357637300
1702212070391002666
1702212070424368033
1702212070457733400
1702212070491098766
1702212070524464133
1702212070557829500
1702212070591194866
1702212070624560233
1702212070657925600
1702212070691290966
1702212070724656333
1702212070758021700
1702212070791387066
1702212070824752433
1702212070858117800
1702212070891483166
1702212070924848533
1702212070958213900
1702212070991579266
1702212071024944633
1702212071058310000
1702212071091675300
1702212071125040600
1702212071158405900
1702212071191771200
1702212071225136500
1702212071258501800
1702212071291867100
1702212071325232400
1702212071358597700
1702212071391963000
1702212071425328300
1702212071458693600
1702212071492058900
1702212071525424200
1702212071558789500
1702212071592154800
1702212071625520100
1702212071658885400
1702212071692250700
1702212071725616000
1702212071758981300
1702212071792346600
1702212071825711900
1702212071859077200
1702212071892442500
1702212071925807800
1702212071959173100
1702212071992538400
1702212072025903700
1702212072059269000
1702212072092634366
1702212072125999733
1702212072159365100
1702212072192730466
1702212072226095833
1702212072259461200
1702212072292826566
1702212072326191933
1702212072359557300
1702212072392922666
1702212072426288033
1702212072459653400
1702212072493018766
1702212072526384133
1702212072559749500
1702212072593114866
1702212072626480233
1702212072659845600
1702212072693210966
1702212072726576333
1702212072759941700
1702212072793307066
1702212072826672433
1702212072860037800
1702212072893403166
1702212072926768533
1702212072960133900
1702212072993499266
1702212073026864633
1702212073060230000
1702212073093595300
1702212073126960600
1702212073160325900
1702212073193691200
1702212073227056500
1702212073260421800
1702212073293787100
1702212073327152400
1702212073360517700
1702212073393883000
1702212073427248300
1702212073460613600
1702212073493978900
1702212073527344200
1702212073560709500
1702212073594074800
1702212073627440100
1702212073660805400
1702212073694170700
1702212073727536000
1702212073760901300
1702212073794266600
1702212073827631900
1702212073860997200
1702212073894362500
1702212073927727800
1702212073961093100
1702212073994458400
1702212074027823700
1702212074061189000
1702212074094554366
1702212074127919733
1702212074161285100
1702212074194650466
1702212074228015833
1702212074261381200
1702212074294746566
1702212074328111933
1702212074361477300
1702212074394842666
1702212074428208033
1702212074461573400
1702212074494938766
1702212074528304133
1702212074561669500
1702212074595034866
1702212074628400233
1702212074661765600
1702212074695130966
1702212074728496333
1702212074761861700
1702212074795227066
1702212074828592433
1702212074861957800
1702212074895323166
1702212074928688533
1702212074962053900
1702212074995419266
1702212075028784633
1702212075062150000
1702212075095515300
1702212075128880600
1702212075162245900
1702212075195611200
1702212075228976500
1702212075262341800
1702212075295707100
1702212075329072400
1702212075362437700
1702212075395803000
1702212075429168300
1702212075462533600
1702212075495898900
1702212075529264200
1702212075562629500
1702212075595994800
1702212075629360100
1702212075662725400
1702212075696090700
1702212075729456000
1702212075762821300
1702212075796186600
1702212075829551900
1702212075862917200
1702212075896282500
1702212075929647800
1702212075963013100
1702212075996378400
1702212076029743700
1702212076063109000
1702212076096474366
1702212076129839733
1702212076163205100
1702212076196570466
1702212076229935833
1702212076263301200
1702212076296666566
1702212076330031933
1702212076363397300
1702212076396762666
1702212076430128033
1702212076463493400
1702212076496858766
1702212076530224133
1702212076563589500
1702212076596954866
1702212076630320233
1702212076663685600
1702212076697050966
1702212076730416333
1702212076763781700
1702212076797147066
1702212076830512433
1702212076863877800
1702212076897243166
1702212076930608533
1702212076963973900
1702212076997339266
1702212077030704633
1702212077064070000
1702212077097435300
1702212077130800600
1702212077164165900
1702212077197531200
1702212077230896500
1702212077264261800
1702212077297627100
1702212077330992400
1702212077364357700
1702212077397723000
1702212077431088300
1702212077464453600
1702212077497818900
1702212077531184200
1702212077564549500
1702212077597914800
1702212077631280100
1702212077664645400
1702212077698010700
1702212077731376000
1702212077764741300
1702212077798106600
1702212077831471900
1702212077864837200
1702212077898202500
1702212077931567800
1702212077964933100
1702212077998298400
1702212078031663700
1702212078065029000
1702212078098394366
1702212078131759733
1702212078165125100
1702212078198490466
1702212078231855833
1702212078265221200
1702212078298586566
1702212078331951933
1702212078365317300
1702212078398682666
1702212078432048033
1702212078465413400
1702212078498778766
1702212078532144133
1702212078565509500
1702212078598874866
1702212078632240233
1702212078665605600
1702212078698970966
1702212078732336333
1702212078765701700
1702212078799067066
1702212078832432433
1702212078865797800
1702212078899163166
1702212078932528533
1702212078965893900
1702212078999259266
1702212079032624633
1702212079065990000
1702212079099355300
1702212079132720600
1702212079166085900
1702212079199451200
1702212079232816500
1702212079266181800
1702212079299547100
1702212079332912400
1702212079366277700
1702212079399643000
1702212079433008300
1702212079466373600
1702212079499738900
1702212079533104200
1702212079566469500
1702212079599834800
1702212079633200100
1702212079666565400
1702212079699930700
1702212079733296000
1702212079766661300
1702212079800026600
1702212079833391900
1702212079866757200
1702212079900122500
1702212079933487800
1702212079966853100
1702212080000218400
1702212080033583700
1702212080066949000
1702212080100314366
1702212080133679733
1702212080167045100
1702212080200410466
1702212080233775833
1702212080267141200
1702212080300506566
1702212080333871933
1702212080367237300
1702212080400602666
1702212080433968033
1702212080467333400
1702212080500698766
1702212080534064133
1702212080567429500
1702212080600794866
1702212080634160233
1702212080667525600
1702212080700890966
1702212080734256333
1702212080767621700
1702212080800987066
1702212080834352433
1702212080867717800
1702212080901083166
1702212080934448533
1702212080967813900
1702212081001179266
1702212081034544633
1702212081067910000
1702212081101275300
1702212081134640600
1702212081168005900
1702212081201371200
1702212081234736500
1702212081268101800
1702212081301467100
1702212081334832400
1702212081368197700
1702212081401563000
1702212081434928300
1702212081468293600
1702212081501658900
1702212081535024200
1702212081568389500
1702212081601754800
1702212081635120100
1702212081668485400
1702212081701850700
1702212081735216000
1702212081768581300
1702212081801946600
1702212081835311900
1702212081868677200
1702212081902042500
1702212081935407800
1702212081968773100
1702212082002138400
1702212082035503700
1702212082068869000
1702212082102234366
1702212082135599733
1702212082168965100
1702212082202330466
1702212082235695833
1702212082269061200
1702212082302426566
1702212082335791933
1702212082369157300
1702212082402522666
1702212082435888033
1702212082469253400
1702212082502618766
1702212082535984133
1702212082569349500
1702212082602714866
1702212082636080233
1702212082669445600
1702212082702810966
1702212082736176333
1702212082769541700
1702212082802907066
1702212082836272433
1702212082869637800
1702212082903003166
1702212082936368533
1702212082969733900
1702212083003099266
1702212083036464633
1702212083069830000
1702212083103195300
1702212083136560600
1702212083169925900
1702212083203291200
1702212083236656500
1702212083270021800
1702212083303387100
1702212083336752400
1702212083370117700
1702212083403483000
1702212083436848300
1702212083470213600
1702212083503578900
1702212083536944200
1702212083570309500
1702212083603674800
1702212083637040100
1702212083670405400
1702212083703770700
1702212083737136000
1702212083770501300
1702212083803866600
1702212083837231900
1702212083870597200
1702212083903962500
1702212083937327800
1702212083970693100
1702212084004058400
1702212084037423700
1702212084070789000
1702212084104154366
1702212084137519733
1702212084170885100
1702212084204250466
1702212084237615833
1702212084270981200
1702212084304346566
1702212084337711933
1702212084371077300
1702212084404442666
1702212084437808033
1702212084471173400
1702212084504538766
1702212084537904133
1702212084571269500
1702212084604634866
1702212084638000233
1702212084671365600
1702212084704730966
1702212084738096333
1702212084771461700
1702212084804827066
1702212084838192433
1702212084871557800
1702212084904923166
1702212084938288533
1702212084971653900
1702212085005019266
1702212085038384633
1702212085071750000
1702212085105115300
1702212085138480600
1702212085171845900
1702212085205211200
1702212085238576500
1702212085271941800
1702212085305307100
1702212085338672400
1702212085372037700
1702212085405403000
1702212085438768300
1702212085472133600
1702212085505498900
1702212085538864200
1702212085572229500
1702212085605594800
1702212085638960100
1702212085672325400
1702212085705690700
1702212085739056000
1702212085772421300
1702212085805786600
1702212085839151900
1702212085872517200
1702212085905882500
1702212085939247800
1702212085972613100
1702212086005978400
1702212086039343700
1702212086072709000
1702212086106074366
1702212086139439733
1702212086172805100
1702212086206170466
1702212086239535833
1702212086272901200
1702212086306266566
1702212086339631933
1702212086372997300
1702212086406362666
1702212086439728033
1702212086473093400
1702212086506458766
1702212086539824133
1702212086573189500
1702212086606554866
1702212086639920233
1702212086673285600
1702212086706650966
1702212086740016333
1702212086773381700
1702212086806747066
1702212086840112433
1702212086873477800
1702212086906843166
1702212086940208533
1702212086973573900
1702212087006939266
1702212087040304633
1702212087073670000
1702212087107035300
1702212087140400600
1702212087173765900
1702212087207131200
1702212087240496500
1702212087273861800
1702212087307227100
1702212087340592400
1702212087373957700
1702212087407323000
1702212087440688300
1702212087474053600
1702212087507418900
1702212087540784200
1702212087574149500
1702212087607514800
1702212087640880100
1702212087674245400
1702212087707610700
1702212087740976000
1702212087774341300
1702212087807706600
1702212087841071900
1702212087874437200
1702212087907802500
1702212087941167800
1702212087974533100
1702212088007898400
1702212088041263700
1702212088074629000
1702212088107994366
1702212088141359733
1702212088174725100
1702212088208090466
1702212088241455833
1702212088274821200
1702212088308186566
1702212088341551933
1702212088374917300
1702212088408282666
1702212088441648033
1702212088475013400
1702212088508378766
1702212088541744133
1702212088575109500
1702212088608474866
1702212088641840233
1702212088675205600
1702212088708570966
1702212088741936333
1702212088775301700
1702212088808667066
1702212088842032433
1702212088875397800
1702212088908763166
1702212088942128533
1702212088975493900
1702212089008859266
1702212089042224633
1702212089075590000
1702212089108955300
1702212089142320600
1702212089175685900
1702212089209051200
1702212089242416500
1702212089275781800
1702212089309147100
1702212089342512400
1702212089375877700
1702212089409243000
1702212089442608300
1702212089475973600
1702212089509338900
1702212089542704200
1702212089576069500
1702212089609434800
1702212089642800100
1702212089676165400
1702212089709530700
1702212089742896000
1702212089776261300
1702212089809626600
1702212089842991900
1702212089876357200
1702212089909722500
1702212089943087800
1702212089976453100
1702212090009818400
1702212090043183700
1702212090076549000
1702212090109914366
1702212090143279733
1702212090176645100
1702212090210010466
1702212090243375833
1702212090276741200
1702212090310106566
1702212090343471933
1702212090376837300
1702212090410202666
1702212090443568033
1702212090476933400
1702212090510298766
1702212090543664133
1702212090577029500
1702212090610394866
1702212090643760233
1702212090677125600
1702212090710490966
1702212090743856333
1702212090777221700
1702212090810587066
1702212090843952433
1702212090877317800
1702212090910683166
1702212090944048533
1702212090977413900
1702212091010779266
1702212091044144633
1702212091077510000
1702212091110875300
1702212091144240600
1702212091177605900
1702212091210971200
1702212091244336500
1702212091277701800
1702212091311067100
1702212091344432400
1702212091377797700
1702212091411163000
1702212091444528300
1702212091477893600
1702212091511258900
1702212091544624200
1702212091577989500
1702212091611354800
1702212091644720100
1702212091678085400
1702212091711450700
1702212091744816000
1702212091778181300
1702212091811546600
1702212091844911900
1702212091878277200
1702212091911642500
1702212091945007800
1702212091978373100
1702212092011738400
1702212092045103700
1702212092078469000
1702212092111834366
1702212092145199733
1702212092178565100
1702212092211930466
1702212092245295833
1702212092278661200
1702212092312026566
1702212092345391933
1702212092378757300
1702212092412122666
1702212092445488033
1702212092478853400
1702212092512218766
1702212092545584133
1702212092578949500
1702212092612314866
1702212092645680233
1702212092679045600
1702212092712410966
1702212092745776333
1702212092779141700
1702212092812507066
1702212092845872433
1702212092879237800
1702212092912603166
1702212092945968533
1702212092979333900
1702212093012699266
1702212093046064633
1702212093079430000
1702212093112795300
1702212093146160600
1702212093179525900
1702212093212891200
1702212093246256500
1702212093279621800
1702212093312987100
1702212093346352400
1702212093379717700
1702212093413083000
1702212093446448300
1702212093479813600
1702212093513178900
1702212093546544200
1702212093579909500
1702212093613274800
1702212093646640100
1702212093680005400
1702212093713370700
1702212093746736000
1702212093780101300
1702212093813466600
1702212093846831900
1702212093880197200
1702212093913562500
1702212093946927800
1702212093980293100
1702212094013658400
1702212094047023700
1702212094080389000
1702212094113754366
1702212094147119733
1702212094180485100
1702212094213850466
1702212094247215833
1702212094280581200
1702212094313946566
1702212094347311933
1702212094380677300
1702212094414042666
1702212094447408033
1702212094480773400
1702212094514138766
1702212094547504133
1702212094580869500
1702212094614234866
1702212094647600233
1702212094680965600
1702212094714330966
1702212094747696333
1702212094781061700
1702212094814427066
1702212094847792433
1702212094881157800
1702212094914523166
1702212094947888533
1702212094981253900
1702212095014619266
1702212095047984633
1702212095081350000
1702212095114715300
1702212095148080600
1702212095181445900
1702212095214811200
1702212095248176500
1702212095281541800
1702212095314907100
1702212095348272400
1702212095381637700
1702212095415003000
1702212095448368300
1702212095481733600
1702212095515098900
1702212095548464200
1702212095581829500
1702212095615194800
1702212095648560100
1702212095681925400
1702212095715290700
1702212095748656000
1702212095782021300
1702212095815386600
1702212095848751900
1702212095882117200
1702212095915482500
1702212095948847800
1702212095982213100
1702212096015578400
1702212096048943700
1702212096082309000
1702212096115674366
1702212096149039733
1702212096182405100
1702212096215770466
1702212096249135833
1702212096282501200
1702212096315866566
1702212096349231933
1702212096382597300
1702212096415962666
1702212096449328033
1702212096482693400
1702212096516058766
1702212096549424133
1702212096582789500
1702212096616154866
1702212096649520233
1702212096682885600
1702212096716250966
1702212096749616333
1702212096782981700
1702212096816347066
1702212096849712433
1702212096883077800
1702212096916443166
1702212096949808533
1702212096983173900
1702212097016539266
1702212097049904633
1702212097083270000
1702212097116635300
1702212097150000600
1702212097183365900
1702212097216731200
1702212097250096500
1702212097283461800
1702212097316827100
1702212097350192400
1702212097383557700
1702212097416923000
1702212097450288300
1702212097483653600
1702212097517018900
1702212097550384200
1702212097583749500
1702212097617114800
1702212097650480100
1702212097683845400
1702212097717210700
1702212097750576000
1702212097783941300
1702212097817306600
1702212097850671900
1702212097884037200
1702212097917402500
1702212097950767800
1702212097984133100
1702212098017498400
1702212098050863700
1702212098084229000
1702212098117594366
1702212098150959733
1702212098184325100
1702212098217690466
1702212098251055833
1702212098284421200
1702212098317786566
1702212098351151933
1702212098384517300
1702212098417882666
1702212098451248033
1702212098484613400
1702212098517978766
1702212098551344133
1702212098584709500
1702212098618074866
1702212098651440233
1702212098684805600
1702212098718170966
1702212098751536333
1702212098784901700
1702212098818267066
1702212098851632433
1702212098884997800
1702212098918363166
1702212098951728533
1702212098985093900
1702212099018459266
1702212099051824633
1702212099085190000
1702212099118555300
1702212099151920600
1702212099185285900
1702212099218651200
1702212099252016500
1702212099285381800
1702212099318747100
1702212099352112400
1702212099385477700
1702212099418843000
1702212099452208300
1702212099485573600
1702212099518938900
1702212099552304200
1702212099585669500
1702212099619034800
1702212099652400100
1702212099685765400
1702212099719130700
1702212099752496000
1702212099785861300
1702212099819226600
1702212099852591900
1702212099885957200
1702212099919322500
1702212099952687800
1702212099986053100
1702212100019418400
1702212100052783700
1702212100086149000
1702212100119514366
1702212100152879733
1702212100186245100
1702212100219610466
1702212100252975833
1702212100286341200
1702212100319706566
1702212100353071933
1702212100386437300
1702212100419802666
1702212100453168033
1702212100486533400
1702212100519898766
1702212100553264133
1702212100586629500
1702212100619994866
1702212100653360233
1702212100686725600
1702212100720090966
1702212100753456333
1702212100786821700
1702212100820187066
1702212100853552433
1702212100886917800
1702212100920283166
1702212100953648533
1702212100987013900
1702212101020379266
1702212101053744633
1702212101087110000
1702212101120475300
1702212101153840600
1702212101187205900
1702212101220571200
1702212101253936500
1702212101287301800
1702212101320667100
1702212101354032400
1702212101387397700
1702212101420763000
1702212101454128300
1702212101487493600
1702212101520858900
1702212101554224200
1702212101587589500
1702212101620954800
1702212101654320100
1702212101687685400
1702212101721050700
1702212101754416000
1702212101787781300
1702212101821146600
1702212101854511900
1702212101887877200
1702212101921242500
1702212101954607800
1702212101987973100
1702212102021338400
1702212102054703700
1702212102088069000
1702212102121434366
1702212102154799733
1702212102188165100
1702212102221530466
1702212102254895833
1702212102288261200
1702212102321626566
1702212102354991933
1702212102388357300
1702212102421722666
1702212102455088033
1702212102488453400
1702212102521818766
1702212102555184133
1702212102588549500
1702212102621914866
1702212102655280233
1702212102688645600
1702212102722010966
1702212102755376333
1702212102788741700
1702212102822107066
1702212102855472433
1702212102888837800
1702212102922203166
1702212102955568533
1702212102988933900
1702212103022299266
1702212103055664633
1702212103089030000
1702212103122395300
1702212103155760600
1702212103189125900
1702212103222491200
1702212103255856500
1702212103289221800
1702212103322587100
1702212103355952400
1702212103389317700
1702212103422683000
1702212103456048300
1702212103489413600
1702212103522778900
1702212103556144200
1702212103589509500
1702212103622874800
1702212103656240100
1702212103689605400
1702212103722970700
1702212103756336000
1702212103789701300
1702212103823066600
1702212103856431900
1702212103889797200
1702212103923162500
1702212103956527800
1702212103989893100
1702212104023258400
1702212104056623700
1702212104089989000
1702212104123354366
1702212104156719733
1702212104190085100
1702212104223450466
1702212104256815833
1702212104290181200
1702212104323546566
1702212104356911933
1702212104390277300
1702212104423642666
1702212104457008033
1702212104490373400
1702212104523738766
1702212104557104133
1702212104590469500
1702212104623834866
1702212104657200233
1702212104690565600
1702212104723930966
1702212104757296333
1702212104790661700
1702212104824027066
1702212104857392433
1702212104890757800
1702212104924123166
1702212104957488533
1702212104990853900
1702212105024219266
1702212105057584633
1702212105090950000
1702212105124315300
1702212105157680600
1702212105191045900
1702212105224411200
1702212105257776500
1702212105291141800
1702212105324507100
1702212105357872400
1702212105391237700
1702212105424603000
1702212105457968300
1702212105491333600
1702212105524698900
1702212105558064200
1702212105591429500
1702212105624794800
1702212105658160100
1702212105691525400
1702212105724890700
1702212105758256000
1702212105791621300
1702212105824986600
1702212105858351900
1702212105891717200
1702212105925082500
1702212105958447800
1702212105991813100
1702212106025178400
1702212106058543700
1702212106091909000
1702212106125274366
1702212106158639733
1702212106192005100
1702212106225370466
1702212106258735833
1702212106292101200
1702212106325466566
1702212106358831933
1702212106392197300
1702212106425562666
1702212106458928033
1702212106492293400
1702212106525658766
1702212106559024133
1702212106592389500
1702212106625754866
1702212106659120233
1702212106692485600
1702212106725850966
1702212106759216333
1702212106792581700
1702212106825947066
1702212106859312433
1702212106892677800
1702212106926043166
1702212106959408533
1702212106992773900
1702212107026139266
1702212107059504633
1702212107092870000
1702212107126235300
1702212107159600600
1702212107192965900
1702212107226331200
1702212107259696500
1702212107293061800
1702212107326427100
1702212107359792400
1702212107393157700
1702212107426523000
1702212107459888300
1702212107493253600
1702212107526618900
1702212107559984200
1702212107593349500
1702212107626714800
1702212107660080100
1702212107693445400
1702212107726810700
1702212107760176000
1702212107793541300
1702212107826906600
1702212107860271900
1702212107893637200
1702212107927002500
1702212107960367800
1702212107993733100
1702212108027098400
1702212108060463700
1702212108093829000
1702212108127194366
1702212108160559733
1702212108193925100
1702212108227290466
1702212108260655833
1702212108294021200
1702212108327386566
1702212108360751933
1702212108394117300
1702212108427482666
1702212108460848033
1702212108494213400
1702212108527578766
1702212108560944133
1702212108594309500
1702212108627674866
1702212108661040233
1702212108694405600
1702212108727770966
1702212108761136333
1702212108794501700
1702212108827867066
1702212108861232433
1702212108894597800
1702212108927963166
1702212108961328533
1702212108994693900
1702212109028059266
1702212109061424633
1702212109094790000
1702212109128155300
1702212109161520600
1702212109194885900
1702212109228251200
1702212109261616500
1702212109294981800
1702212109328347100
1702212109361712400
1702212109395077700
1702212109428443000
1702212109461808300
1702212109495173600
1702212109528538900
1702212109561904200
1702212109595269500
1702212109628634800
1702212109662000100
1702212109695365400
1702212109728730700
1702212109762096000
1702212109795461300
1702212109828826600
1702212109862191900
1702212109895557200
1702212109928922500
1702212109962287800
1702212109995653100
1702212110029018400
1702212110062383700
1702212110095749000
1702212110129086033
1702212110162423066
1702212110195760100
1702212110229097133
1702212110262434166
1702212110295771200
1702212110329108233
1702212110362445266
1702212110395782300
1702212110429119333
1702212110462456366
1702212110495793400
1702212110529130433
1702212110562467466
1702212110595804500
1702212110629141533
1702212110662478566
1702212110695815600
1702212110729152633
1702212110762489666
1702212110795826700
1702212110829163733
1702212110862500766
1702212110895837800
1702212110929174833
1702212110962511866
1702212110995848900
1702212111029185933
1702212111062522966
1702212111095860000
1702212111129392666
1702212111162925333
1702212111196458000
1702212111229990666
1702212111263523333
1702212111297056000
1702212111330588666
1702212111364121333
1702212111397654000
1702212111431186666
1702212111464719333
1702212111498252000
1702212111531784666
1702212111565317333
1702212111598850000
1702212111632382666
1702212111665915333
1702212111699448000
1702212111732980666
1702212111766513333
1702212111800046000
1702212111833578666
1702212111867111333
1702212111900644000
1702212111934176666
1702212111967709333
1702212112001242000
1702212112034774666
1702212112068307333
1702212112101840000
1702212112135205300
1702212112168570600
1702212112201935900
1702212112235301200
1702212112268666500
1702212112302031800
1702212112335397100
1702212112368762400
1702212112402127700
1702212112435493000
1702212112468858300
1702212112502223600
1702212112535588900
1702212112568954200
1702212112602319500
1702212112635684800
1702212112669050100
1702212112702415400
1702212112735780700
1702212112769146000
1702212112802511300
1702212112835876600
1702212112869241900
1702212112902607200
1702212112935972500
1702212112969337800
1702212113002703100
1702212113036068400
1702212113069433700
1702212113102799000
1702212113136164366
1702212113169529733
1702212113202895100
1702212113236260466
1702212113269625833
1702212113302991200
1702212113336356566
1702212113369721933
1702212113403087300
1702212113436452666
1702212113469818033
1702212113503183400
1702212113536548766
1702212113569914133
1702212113603279500
1702212113636644866
1702212113670010233
1702212113703375600
1702212113736740966
1702212113770106333
1702212113803471700
1702212113836837066
1702212113870202433
1702212113903567800
1702212113936933166
1702212113970298533
1702212114003663900
1702212114037029266
1702212114070394633
1702212114103760000
1702212114137125300
1702212114170490600
1702212114203855900
1702212114237221200
1702212114270586500
1702212114303951800
1702212114337317100
1702212114370682400
1702212114404047700
1702212114437413000
1702212114470778300
1702212114504143600
1702212114537508900
1702212114570874200
1702212114604239500
1702212114637604800
1702212114670970100
1702212114704335400
1702212114737700700
1702212114771066000
1702212114804431300
1702212114837796600
1702212114871161900
1702212114904527200
1702212114937892500
1702212114971257800
1702212115004623100
1702212115037988400
1702212115071353700
1702212115104719000
1702212115138084366
1702212115171449733
1702212115204815100
1702212115238180466
1702212115271545833
1702212115304911200
1702212115338276566
1702212115371641933
1702212115405007300
1702212115438372666
1702212115471738033
1702212115505103400
1702212115538468766
1702212115571834133
1702212115605199500
1702212115638564866
1702212115671930233
1702212115705295600
1702212115738660966
1702212115772026333
1702212115805391700
1702212115838757066
1702212115872122433
1702212115905487800
1702212115938853166
1702212115972218533
1702212116005583900
1702212116038949266
1702212116072314633
1702212116105680000
1702212116139045300
1702212116172410600
1702212116205775900
1702212116239141200
1702212116272506500
1702212116305871800
1702212116339237100
1702212116372602400
1702212116405967700
1702212116439333000
1702212116472698300
1702212116506063600
1702212116539428900
1702212116572794200
1702212116606159500
1702212116639524800
1702212116672890100
1702212116706255400
1702212116739620700
1702212116772986000
1702212116806351300
1702212116839716600
1702212116873081900
1702212116906447200
1702212116939812500
1702212116973177800
1702212117006543100
1702212117039908400
1702212117073273700
1702212117106639000
1702212117140004366
1702212117173369733
1702212117206735100
1702212117240100466
1702212117273465833
1702212117306831200
1702212117340196566
1702212117373561933
1702212117406927300
1702212117440292666
1702212117473658033
1702212117507023400
1702212117540388766
1702212117573754133
1702212117607119500
1702212117640484866
1702212117673850233
1702212117707215600
1702212117740580966
1702212117773946333
1702212117807311700
1702212117840677066
1702212117874042433
1702212117907407800
1702212117940773166
1702212117974138533
1702212118007503900
1702212118040869266
1702212118074234633
1702212118107600000
1702212118140965300
1702212118174330600
1702212118207695900
1702212118241061200
1702212118274426500
1702212118307791800
1702212118341157100
1702212118374522400
1702212118407887700
1702212118441253000
1702212118474618300
1702212118507983600
1702212118541348900
1702212118574714200
1702212118608079500
1702212118641444800
1702212118674810100
1702212118708175400
1702212118741540700
1702212118774906000
1702212118808271300
1702212118841636600
1702212118875001900
1702212118908367200
1702212118941732500
1702212118975097800
1702212119008463100
1702212119041828400
1702212119075193700
1702212119108559000
1702212119141924366
1702212119175289733
1702212119208655100
1702212119242020466
1702212119275385833
1702212119308751200
1702212119342116566
1702212119375481933
1702212119408847300
1702212119442212666
1702212119475578033
1702212119508943400
1702212119542308766
1702212119575674133
1702212119609039500
1702212119642404866
1702212119675770233
1702212119709135600
1702212119742500966
1702212119775866333
1702212119809231700
1702212119842597066
1702212119875962433
1702212119909327800
1702212119942693166
1702212119976058533
1702212120009423900
1702212120042789266
1702212120076154633
1702212120109520000
1702212120142885300
1702212120176250600
1702212120209615900
1702212120242981200
1702212120276346500
1702212120309711800
1702212120343077100
1702212120376442400
1702212120409807700
1702212120443173000
1702212120476538300
1702212120509903600
1702212120543268900
1702212120576634200
1702212120609999500
1702212120643364800
1702212120676730100
1702212120710095400
1702212120743460700
1702212120776826000
1702212120810191300
1702212120843556600
1702212120876921900
1702212120910287200
1702212120943652500
1702212120977017800
1702212121010383100
1702212121043748400
1702212121077113700
1702212121110479000
1702212121143844366
1702212121177209733
1702212121210575100
1702212121243940466
1702212121277305833
1702212121310671200
1702212121344036566
1702212121377401933
1702212121410767300
1702212121444132666
1702212121477498033
1702212121510863400
1702212121544228766
1702212121577594133
1702212121610959500
1702212121644324866
1702212121677690233
1702212121711055600
1702212121744420966
1702212121777786333
1702212121811151700
1702212121844517066
1702212121877882433
1702212121911247800
1702212121944613166
1702212121977978533
1702212122011343900
1702212122044709266
1702212122078074633
1702212122111440000
1702212122144805300
1702212122178170600
1702212122211535900
1702212122244901200
1702212122278266500
1702212122311631800
1702212122344997100
1702212122378362400
1702212122411727700
1702212122445093000
1702212122478458300
1702212122511823600
1702212122545188900
1702212122578554200
1702212122611919500
1702212122645284800
1702212122678650100
1702212122712015400
1702212122745380700
1702212122778746000
1702212122812111300
1702212122845476600
1702212122878841900
1702212122912207200
1702212122945572500
1702212122978937800
1702212123012303100
1702212123045668400
1702212123079033700
1702212123112399000
1702212123145764366
1702212123179129733
1702212123212495100
1702212123245860466
1702212123279225833
1702212123312591200
1702212123345956566
1702212123379321933
1702212123412687300
1702212123446052666
1702212123479418033
1702212123512783400
1702212123546148766
1702212123579514133
1702212123612879500
1702212123646244866
1702212123679610233
1702212123712975600
1702212123746340966
1702212123779706333
1702212123813071700
1702212123846437066
1702212123879802433
1702212123913167800
1702212123946533166
1702212123979898533
1702212124013263900
1702212124046629266
1702212124079994633
1702212124113360000
1702212124146725300
1702212124180090600
1702212124213455900
1702212124246821200
1702212124280186500
1702212124313551800
1702212124346917100
1702212124380282400
1702212124413647700
1702212124447013000
1702212124480378300
1702212124513743600
1702212124547108900
1702212124580474200
1702212124613839500
1702212124647204800
1702212124680570100
1702212124713935400
1702212124747300700
1702212124780666000
1702212124814031300
1702212124847396600
1702212124880761900
1702212124914127200
1702212124947492500
1702212124980857800
1702212125014223100
1702212125047588400
1702212125080953700
1702212125114319000
1702212125147684366
1702212125181049733
1702212125214415100
1702212125247780466
1702212125281145833
1702212125314511200
1702212125347876566
1702212125381241933
1702212125414607300
1702212125447972666
1702212125481338033
1702212125514703400
1702212125548068766
1702212125581434133
1702212125614799500
1702212125648164866
1702212125681530233
1702212125714895600
1702212125748260966
1702212125781626333
1702212125814991700
1702212125848357066
1702212125881722433
1702212125915087800
1702212125948453166
1702212125981818533
1702212126015183900
1702212126048549266
1702212126081914633
1702212126115280000
1702212126148645300
1702212126182010600
1702212126215375900
1702212126248741200
1702212126282106500
1702212126315471800
1702212126348837100
1702212126382202400
1702212126415567700
1702212126448933000
1702212126482298300
1702212126515663600
1702212126549028900
1702212126582394200
1702212126615759500
1702212126649124800
1702212126682490100
1702212126715855400
1702212126749220700
1702212126782586000
1702212126815951300
1702212126849316600
1702212126882681900
1702212126916047200
1702212126949412500
1702212126982777800
1702212127016143100
1702212127049508400
1702212127082873700
1702212127116239000
1702212127149604366
1702212127182969733
1702212127216335100
1702212127249700466
1702212127283065833
1702212127316431200
1702212127349796566
1702212127383161933
1702212127416527300
1702212127449892666
1702212127483258033
1702212127516623400
1702212127549988766
1702212127583354133
1702212127616719500
1702212127650084866
1702212127683450233
1702212127716815600
1702212127750180966
1702212127783546333
1702212127816911700
1702212127850277066
1702212127883642433
1702212127917007800
1702212127950373166
1702212127983738533
1702212128017103900
1702212128050469266
1702212128083834633
1702212128117200000
1702212128150565300
1702212128183930600
1702212128217295900
1702212128250661200
1702212128284026500
1702212128317391800
1702212128350757100
1702212128384122400
1702212128417487700
1702212128450853000
1702212128484218300
1702212128517583600
1702212128550948900
1702212128584314200
1702212128617679500
1702212128651044800
1702212128684410100
1702212128717775400
1702212128751140700
1702212128784506000
1702212128817871300
1702212128851236600
1702212128884601900
1702212128917967200
1702212128951332500
1702212128984697800
1702212129018063100
1702212129051428400
1702212129084793700
1702212129118159000
1702212129151524366
1702212129184889733
1702212129218255100
1702212129251620466
1702212129284985833
1702212129318351200
1702212129351716566
1702212129385081933
1702212129418447300
1702212129451812666
1702212129485178033
1702212129518543400
1702212129551908766
1702212129585274133
1702212129618639500
1702212129652004866
1702212129685370233
1702212129718735600
1702212129752100966
1702212129785466333
1702212129818831700
1702212129852197066
1702212129885562433
1702212129918927800
1702212129952293166
1702212129985658533
1702212130019023900
1702212130052389266
1702212130085754633
1702212130119120000
1702212130152485300
1702212130185850600
1702212130219215900
1702212130252581200
1702212130285946500
1702212130319311800
1702212130352677100
1702212130386042400
1702212130419407700
1702212130452773000
1702212130486138300
1702212130519503600
1702212130552868900
1702212130586234200
1702212130619599500
1702212130652964800
1702212130686330100
1702212130719695400
1702212130753060700
1702212130786426000
1702212130819791300
1702212130853156600
1702212130886521900
1702212130919887200
1702212130953252500
1702212130986617800
1702212131019983100
1702212131053348400
1702212131086713700
1702212131120079000
1702212131153444366
1702212131186809733
1702212131220175100
1702212131253540466
1702212131286905833
1702212131320271200
1702212131353636566
1702212131387001933
1702212131420367300
1702212131453732666
1702212131487098033
1702212131520463400
1702212131553828766
1702212131587194133
1702212131620559500
1702212131653924866
1702212131687290233
1702212131720655600
1702212131754020966
1702212131787386333
1702212131820751700
1702212131854117066
1702212131887482433
1702212131920847800
1702212131954213166
1702212131987578533
1702212132020943900
1702212132054309266
1702212132087674633
1702212132121040000
1702212132154405300
1702212132187770600
1702212132221135900
1702212132254501200
1702212132287866500
1702212132321231800
1702212132354597100
1702212132387962400
1702212132421327700
1702212132454693000
1702212132488058300
1702212132521423600
1702212132554788900
1702212132588154200
1702212132621519500
1702212132654884800
1702212132688250100
1702212132721615400
1702212132754980700
1702212132788346000
1702212132821711300
1702212132855076600
1702212132888441900
1702212132921807200
1702212132955172500
1702212132988537800
1702212133021903100
1702212133055268400
1702212133088633700
1702212133121999000
1702212133155364366
1702212133188729733
1702212133222095100
1702212133255460466
1702212133288825833
1702212133322191200
1702212133355556566
1702212133388921933
1702212133422287300
1702212133455652666
1702212133489018033
1702212133522383400
1702212133555748766
1702212133589114133
1702212133622479500
1702212133655844866
1702212133689210233
1702212133722575600
1702212133755940966
1702212133789306333
1702212133822671700
1702212133856037066
1702212133889402433
1702212133922767800
1702212133956133166
1702212133989498533
1702212134022863900
1702212134056229266
1702212134089594633
1702212134122960000
1702212134156325300
1702212134189690600
1702212134223055900
1702212134256421200
1702212134289786500
1702212134323151800
1702212134356517100
1702212134389882400
1702212134423247700
1702212134456613000
1702212134489978300
1702212134523343600
1702212134556708900
1702212134590074200
1702212134623439500
1702212134656804800
1702212134690170100
1702212134723535400
1702212134756900700
1702212134790266000
1702212134823631300
1702212134856996600
1702212134890361900
1702212134923727200
1702212134957092500
1702212134990457800
1702212135023823100
1702212135057188400
1702212135090553700
1702212135123919000
1702212135157284366
1702212135190649733
1702212135224015100
1702212135257380466
1702212135290745833
1702212135324111200
1702212135357476566
1702212135390841933
1702212135424207300
1702212135457572666
1702212135490938033
1702212135524303400
1702212135557668766
1702212135591034133
1702212135624399500
1702212135657764866
1702212135691130233
1702212135724495600
1702212135757860966
1702212135791226333
1702212135824591700
1702212135857957066
1702212135891322433
1702212135924687800
1702212135958053166
1702212135991418533
1702212136024783900
1702212136058149266
1702212136091514633
1702212136124880000
1702212136158245300
1702212136191610600
1702212136224975900
1702212136258341200
1702212136291706500
1702212136325071800
1702212136358437100
1702212136391802400
1702212136425167700
1702212136458533000
1702212136491898300
1702212136525263600
1702212136558628900
1702212136591994200
1702212136625359500
1702212136658724800
1702212136692090100
1702212136725455400
1702212136758820700
1702212136792186000
1702212136825551300
1702212136858916600
1702212136892281900
1702212136925647200
1702212136959012500
1702212136992377800
1702212137025743100
1702212137059108400
1702212137092473700
1702212137125839000
1702212137159204366
1702212137192569733
1702212137225935100
1702212137259300466
1702212137292665833
1702212137326031200
1702212137359396566
1702212137392761933
1702212137426127300
1702212137459492666
1702212137492858033
1702212137526223400
1702212137559588766
1702212137592954133
1702212137626319500
1702212137659684866
1702212137693050233
1702212137726415600
1702212137759780966
1702212137793146333
1702212137826511700
1702212137859877066
1702212137893242433
1702212137926607800
1702212137959973166
1702212137993338533
1702212138026703900
1702212138060069266
1702212138093434633
1702212138126800000
1702212138160165300
1702212138193530600
1702212138226895900
1702212138260261200
1702212138293626500
1702212138326991800
1702212138360357100
1702212138393722400
1702212138427087700
1702212138460453000
1702212138493818300
1702212138527183600
1702212138560548900
1702212138593914200
1702212138627279500
1702212138660644800
1702212138694010100
1702212138727375400
1702212138760740700
1702212138794106000
1702212138827471300
1702212138860836600
1702212138894201900
1702212138927567200
1702212138960932500
1702212138994297800
1702212139027663100
1702212139061028400
1702212139094393700
1702212139127759000
1702212139161124366
1702212139194489733
1702212139227855100
1702212139261220466
1702212139294585833
1702212139327951200
1702212139361316566
1702212139394681933
1702212139428047300
1702212139461412666
1702212139494778033
1702212139528143400
1702212139561508766
1702212139594874133
1702212139628239500
1702212139661604866
1702212139694970233
1702212139728335600
1702212139761700966
1702212139795066333
1702212139828431700
1702212139861797066
1702212139895162433
1702212139928527800
1702212139961893166
1702212139995258533
1702212140028623900
1702212140061989266
1702212140095354633
1702212140128720000
1702212140162085300
1702212140195450600
1702212140228815900
1702212140262181200
1702212140295546500
1702212140328911800
1702212140362277100
1702212140395642400
1702212140429007700
1702212140462373000
1702212140495738300
1702212140529103600
1702212140562468900
1702212140595834200
1702212140629199500
1702212140662564800
1702212140695930100
1702212140729295400
1702212140762660700
1702212140796026000
1702212140829391300
1702212140862756600
1702212140896121900
1702212140929487200
1702212140962852500
1702212140996217800
1702212141029583100
1702212141062948400
1702212141096313700
1702212141129679000
1702212141163044366
1702212141196409733
1702212141229775100
1702212141263140466
1702212141296505833
1702212141329871200
1702212141363236566
1702212141396601933
1702212141429967300
1702212141463332666
1702212141496698033
1702212141530063400
1702212141563428766
1702212141596794133
1702212141630159500
1702212141663524866
1702212141696890233
1702212141730255600
1702212141763620966
1702212141796986333
1702212141830351700
1702212141863717066
1702212141897082433
1702212141930447800
1702212141963813166
1702212141997178533
1702212142030543900
1702212142063909266
1702212142097274633
1702212142130640000
1702212142164005300
1702212142197370600
1702212142230735900
1702212142264101200
1702212142297466500
1702212142330831800
1702212142364197100
1702212142397562400
1702212142430927700
1702212142464293000
1702212142497658300
1702212142531023600
1702212142564388900
1702212142597754200
1702212142631119500
1702212142664484800
1702212142697850100
1702212142731215400
1702212142764580700
1702212142797946000
1702212142831311300
1702212142864676600
1702212142898041900
1702212142931407200
1702212142964772500
1702212142998137800
1702212143031503100
1702212143064868400
1702212143098233700
1702212143131599000
1702212143164964366
1702212143198329733
1702212143231695100
1702212143265060466
1702212143298425833
1702212143331791200
1702212143365156566
1702212143398521933
1702212143431887300
1702212143465252666
1702212143498618033
1702212143531983400
1702212143565348766
1702212143598714133
1702212143632079500
1702212143665444866
1702212143698810233
1702212143732175600
1702212143765540966
1702212143798906333
1702212143832271700
1702212143865637066
1702212143899002433
1702212143932367800
1702212143965733166
1702212143999098533
1702212144032463900
1702212144065829266
1702212144099194633
1702212144132560000
1702212144165925300
1702212144199290600
1702212144232655900
1702212144266021200
1702212144299386500
1702212144332751800
1702212144366117100
1702212144399482400
1702212144432847700
1702212144466213000
1702212144499578300
1702212144532943600
1702212144566308900
1702212144599674200
1702212144633039500
1702212144666404800
1702212144699770100
1702212144733135400
1702212144766500700
1702212144799866000
1702212144833231300
1702212144866596600
1702212144899961900
1702212144933327200
1702212144966692500
1702212145000057800
1702212145033423100
1702212145066788400
1702212145100153700
1702212145133519000
1702212145166884366
1702212145200249733
1702212145233615100
1702212145266980466
1702212145300345833
1702212145333711200
1702212145367076566
1702212145400441933
1702212145433807300
1702212145467172666
1702212145500538033
1702212145533903400
1702212145567268766
1702212145600634133
1702212145633999500
1702212145667364866
1702212145700730233
1702212145734095600
1702212145767460966
1702212145800826333
1702212145834191700
1702212145867557066
1702212145900922433
1702212145934287800
1702212145967653166
1702212146001018533
1702212146034383900
1702212146067749266
1702212146101114633
1702212146134480000
1702212146167845300
1702212146201210600
1702212146234575900
1702212146267941200
1702212146301306500
1702212146334671800
1702212146368037100
1702212146401402400
1702212146434767700
1702212146468133000
1702212146501498300
1702212146534863600
1702212146568228900
1702212146601594200
1702212146634959500
1702212146668324800
1702212146701690100
1702212146735055400
1702212146768420700
1702212146801786000
1702212146835151300
1702212146868516600
1702212146901881900
1702212146935247200
1702212146968612500
1702212147001977800
1702212147035343100
1702212147068708400
1702212147102073700
1702212147135439000
1702212147168804366
1702212147202169733
1702212147235535100
1702212147268900466
1702212147302265833
1702212147335631200
1702212147368996566
1702212147402361933
1702212147435727300
1702212147469092666
1702212147502458033
1702212147535823400
1702212147569188766
1702212147602554133
1702212147635919500
1702212147669284866
1702212147702650233
1702212147736015600
1702212147769380966
1702212147802746333
1702212147836111700
1702212147869477066
1702212147902842433
1702212147936207800
1702212147969573166
1702212148002938533
1702212148036303900
1702212148069669266
1702212148103034633
1702212148136400000
1702212148169765300
1702212148203130600
1702212148236495900
1702212148269861200
1702212148303226500
1702212148336591800
1702212148369957100
1702212148403322400
1702212148436687700
1702212148470053000
1702212148503418300
1702212148536783600
1702212148570148900
1702212148603514200
1702212148636879500
1702212148670244800
1702212148703610100
1702212148736975400
1702212148770340700
1702212148803706000
1702212148837071300
1702212148870436600
1702212148903801900
1702212148937167200
1702212148970532500
1702212149003897800
1702212149037263100
1702212149070628400
1702212149103993700
1702212149137359000
1702212149170724366
1702212149204089733
1702212149237455100
1702212149270820466
1702212149304185833
1702212149337551200
1702212149370916566
1702212149404281933
1702212149437647300
1702212149471012666
1702212149504378033
1702212149537743400
1702212149571108766
1702212149604474133
1702212149637839500
1702212149671204866
1702212149704570233
1702212149737935600
1702212149771300966
1702212149804666333
1702212149838031700
1702212149871397066
1702212149904762433
1702212149938127800
1702212149971493166
1702212150004858533
1702212150038223900
1702212150071589266
1702212150104954633
1702212150138320000
1702212150171685300
1702212150205050600
1702212150238415900
1702212150271781200
1702212150305146500
1702212150338511800
1702212150371877100
1702212150405242400
1702212150438607700
1702212150471973000
1702212150505338300
1702212150538703600
1702212150572068900
1702212150605434200
1702212150638799500
1702212150672164800
1702212150705530100
1702212150738895400
1702212150772260700
1702212150805626000
1702212150838991300
1702212150872356600
1702212150905721900
1702212150939087200
1702212150972452500
1702212151005817800
1702212151039183100
1702212151072548400
1702212151105913700
1702212151139279000
1702212151172644366
1702212151206009733
1702212151239375100
1702212151272740466
1702212151306105833
1702212151339471200
1702212151372836566
1702212151406201933
1702212151439567300
1702212151472932666
1702212151506298033
1702212151539663400
1702212151573028766
1702212151606394133
1702212151639759500
1702212151673124866
1702212151706490233
1702212151739855600
1702212151773220966
1702212151806586333
1702212151839951700
1702212151873317066
1702212151906682433
1702212151940047800
1702212151973413166
1702212152006778533
1702212152040143900
1702212152073509266
1702212152106874633
1702212152140240000
1702212152173605300
1702212152206970600
1702212152240335900
1702212152273701200
1702212152307066500
1702212152340431800
1702212152373797100
1702212152407162400
1702212152440527700
1702212152473893000
1702212152507258300
1702212152540623600
1702212152573988900
1702212152607354200
1702212152640719500
1702212152674084800
1702212152707450100
1702212152740815400
1702212152774180700
1702212152807546000
1702212152840911300
1702212152874276600
1702212152907641900
1702212152941007200
1702212152974372500
1702212153007737800
1702212153041103100
1702212153074468400
1702212153107833700
1702212153141199000
1702212153174564366
1702212153207929733
1702212153241295100
1702212153274660466
1702212153308025833
1702212153341391200
1702212153374756566
1702212153408121933
1702212153441487300
1702212153474852666
1702212153508218033
1702212153541583400
1702212153574948766
1702212153608314133
1702212153641679500
1702212153675044866
1702212153708410233
1702212153741775600
1702212153775140966
1702212153808506333
1702212153841871700
1702212153875237066
1702212153908602433
1702212153941967800
1702212153975333166
1702212154008698533
1702212154042063900
1702212154075429266
1702212154108794633
1702212154142160000
1702212154175525300
1702212154208890600
1702212154242255900
1702212154275621200
1702212154308986500
1702212154342351800
1702212154375717100
1702212154409082400
1702212154442447700
1702212154475813000
1702212154509178300
1702212154542543600
1702212154575908900
1702212154609274200
1702212154642639500
1702212154676004800
1702212154709370100
1702212154742735400
1702212154776100700
1702212154809466000
1702212154842831300
1702212154876196600
1702212154909561900
1702212154942927200
1702212154976292500
1702212155009657800
1702212155043023100
1702212155076388400
1702212155109753700
1702212155143119000
1702212155176484366
1702212155209849733
1702212155243215100
1702212155276580466
1702212155309945833
1702212155343311200
1702212155376676566
1702212155410041933
1702212155443407300
1702212155476772666
1702212155510138033
1702212155543503400
1702212155576868766
1702212155610234133
1702212155643599500
1702212155676964866
1702212155710330233
1702212155743695600
1702212155777060966
1702212155810426333
1702212155843791700
1702212155877157066
1702212155910522433
1702212155943887800
1702212155977253166
1702212156010618533
1702212156043983900
1702212156077349266
1702212156110714633
1702212156144080000
1702212156177445300
1702212156210810600
1702212156244175900
1702212156277541200
1702212156310906500
1702212156344271800
1702212156377637100
1702212156411002400
1702212156444367700
1702212156477733000
1702212156511098300
1702212156544463600
1702212156577828900
1702212156611194200
1702212156644559500
1702212156677924800
1702212156711290100
1702212156744655400
1702212156778020700
1702212156811386000
1702212156844751300
1702212156878116600
1702212156911481900
1702212156944847200
1702212156978212500
1702212157011577800
1702212157044943100
1702212157078308400
1702212157111673700
1702212157145039000
1702212157178404366
1702212157211769733
1702212157245135100
1702212157278500466
1702212157311865833
1702212157345231200
1702212157378596566
1702212157411961933
1702212157445327300
1702212157478692666
1702212157512058033
1702212157545423400
1702212157578788766
1702212157612154133
1702212157645519500
1702212157678884866
1702212157712250233
1702212157745615600
1702212157778980966
1702212157812346333
1702212157845711700
1702212157879077066
1702212157912442433
1702212157945807800
1702212157979173166
1702212158012538533
1702212158045903900
1702212158079269266
1702212158112634633
1702212158146000000
1702212158179365300
1702212158212730600
1702212158246095900
1702212158279461200
1702212158312826500
1702212158346191800
1702212158379557100
1702212158412922400
1702212158446287700
1702212158479653000
1702212158513018300
1702212158546383600
1702212158579748900
1702212158613114200
1702212158646479500
1702212158679844800
1702212158713210100
1702212158746575400
1702212158779940700
1702212158813306000
1702212158846671300
1702212158880036600
1702212158913401900
1702212158946767200
1702212158980132500
1702212159013497800
1702212159046863100
1702212159080228400
1702212159113593700
1702212159146959000
1702212159180324366
1702212159213689733
1702212159247055100
1702212159280420466
1702212159313785833
1702212159347151200
1702212159380516566
1702212159413881933
1702212159447247300
1702212159480612666
1702212159513978033
1702212159547343400
1702212159580708766
1702212159614074133
1702212159647439500
1702212159680804866
1702212159714170233
1702212159747535600
1702212159780900966
1702212159814266333
1702212159847631700
1702212159880997066
1702212159914362433
1702212159947727800
1702212159981093166
1702212160014458533
1702212160047823900
1702212160081189266
1702212160114554633
1702212160147920000
1702212160181285300
1702212160214650600
1702212160248015900
1702212160281381200
1702212160314746500
1702212160348111800
1702212160381477100
1702212160414842400
1702212160448207700
1702212160481573000
1702212160514938300
1702212160548303600
1702212160581668900
1702212160615034200
1702212160648399500
1702212160681764800
1702212160715130100
1702212160748495400
1702212160781860700
1702212160815226000
1702212160848591300
1702212160881956600
1702212160915321900
1702212160948687200
1702212160982052500
1702212161015417800
1702212161048783100
1702212161082148400
1702212161115513700
1702212161148879000
1702212161182244366
1702212161215609733
1702212161248975100
1702212161282340466
1702212161315705833
1702212161349071200
1702212161382436566
1702212161415801933
1702212161449167300
1702212161482532666
1702212161515898033
1702212161549263400
1702212161582628766
1702212161615994133
1702212161649359500
1702212161682724866
1702212161716090233
1702212161749455600
1702212161782820966
1702212161816186333
1702212161849551700
1702212161882917066
1702212161916282433
1702212161949647800
1702212161983013166
1702212162016378533
1702212162049743900
1702212162083109266
1702212162116474633
1702212162149840000
1702212162183205300
1702212162216570600
1702212162249935900
1702212162283301200
1702212162316666500
1702212162350031800
1702212162383397100
1702212162416762400
1702212162450127700
1702212162483493000
1702212162516858300
1702212162550223600
1702212162583588900
1702212162616954200
1702212162650319500
1702212162683684800
1702212162717050100
1702212162750415400
1702212162783780700
1702212162817146000
1702212162850511300
1702212162883876600
1702212162917241900
1702212162950607200
1702212162983972500
1702212163017337800
1702212163050703100
1702212163084068400
1702212163117433700
1702212163150799000
1702212163184164366
1702212163217529733
1702212163250895100
1702212163284260466
1702212163317625833
1702212163350991200
1702212163384356566
1702212163417721933
1702212163451087300
1702212163484452666
1702212163517818033
1702212163551183400
1702212163584548766
1702212163617914133
1702212163651279500
1702212163684644866
1702212163718010233
1702212163751375600
1702212163784740966
1702212163818106333
1702212163851471700
1702212163884837066
1702212163918202433
1702212163951567800
1702212163984933166
1702212164018298533
1702212164051663900
1702212164085029266
1702212164118394633
1702212164151760000
1702212164185125300
1702212164218490600
1702212164251855900
1702212164285221200
1702212164318586500
1702212164351951800
1702212164385317100
1702212164418682400
1702212164452047700
1702212164485413000
1702212164518778300
1702212164552143600
1702212164585508900
1702212164618874200
1702212164652239500
1702212164685604800
1702212164718970100
1702212164752335400
1702212164785700700
1702212164819066000
1702212164852431300
1702212164885796600
1702212164919161900
1702212164952527200
1702212164985892500
1702212165019257800
1702212165052623100
1702212165085988400
1702212165119353700
1702212165152719000
1702212165186084366
1702212165219449733
1702212165252815100
1702212165286180466
1702212165319545833
1702212165352911200
1702212165386276566
1702212165419641933
1702212165453007300
1702212165486372666
1702212165519738033
1702212165553103400
1702212165586468766
1702212165619834133
1702212165653199500
1702212165686564866
1702212165719930233
1702212165753295600
1702212165786660966
1702212165820026333
1702212165853391700
1702212165886757066
1702212165920122433
1702212165953487800
1702212165986853166
1702212166020218533
1702212166053583900
1702212166086949266
1702212166120314633
1702212166153680000
1702212166187045300
1702212166220410600
1702212166253775900
1702212166287141200
1702212166320506500
1702212166353871800
1702212166387237100
1702212166420602400
1702212166453967700
1702212166487333000
1702212166520698300
1702212166554063600
1702212166587428900
1702212166620794200
1702212166654159500
1702212166687524800
1702212166720890100
1702212166754255400
1702212166787620700
1702212166820986000
1702212166854351300
1702212166887716600
1702212166921081900
1702212166954447200
1702212166987812500
1702212167021177800
1702212167054543100
1702212167087908400
1702212167121273700
1702212167154639000
1702212167188004366
1702212167221369733
1702212167254735100
1702212167288100466
1702212167321465833
1702212167354831200
1702212167388196566
1702212167421561933
1702212167454927300
1702212167488292666
1702212167521658033
1702212167555023400
1702212167588388766
1702212167621754133
1702212167655119500
1702212167688484866
1702212167721850233
1702212167755215600
1702212167788580966
1702212167821946333
1702212167855311700
1702212167888677066
1702212167922042433
1702212167955407800
1702212167988773166
1702212168022138533
1702212168055503900
1702212168088869266
1702212168122234633
1702212168155600000
1702212168188965300
1702212168222330600
1702212168255695900
1702212168289061200
1702212168322426500
1702212168355791800
1702212168389157100
1702212168422522400
1702212168455887700
1702212168489253000
1702212168522618300
1702212168555983600
1702212168589348900
1702212168622714200
1702212168656079500
1702212168689444800
1702212168722810100
1702212168756175400
1702212168789540700
1702212168822906000
1702212168856271300
1702212168889636600
1702212168923001900
1702212168956367200
1702212168989732500
1702212169023097800
1702212169056463100
1702212169089828400
1702212169123193700
1702212169156559000
1702212169189924366
1702212169223289733
1702212169256655100
1702212169290020466
1702212169323385833
1702212169356751200
1702212169390116566
1702212169423481933
1702212169456847300
1702212169490212666
1702212169523578033
1702212169556943400
1702212169590308766
1702212169623674133
1702212169657039500
1702212169690404866
1702212169723770233
1702212169757135600
1702212169790500966
1702212169823866333
1702212169857231700
1702212169890597066
1702212169923962433
1702212169957327800
1702212169990693166
1702212170024058533
1702212170057423900
1702212170090789266
1702212170124154633
1702212170157520000
1702212170190885300
1702212170224250600
1702212170257615900
1702212170290981200
1702212170324346500
1702212170357711800
1702212170391077100
1702212170424442400
1702212170457807700
1702212170491173000
1702212170524538300
1702212170557903600
1702212170591268900
1702212170624634200
1702212170657999500
1702212170691364800
1702212170724730100
1702212170758095400
1702212170791460700
1702212170824826000
1702212170858191300
1702212170891556600
1702212170924921900
1702212170958287200
1702212170991652500
1702212171025017800
1702212171058383100
1702212171091748400
1702212171125113700
1702212171158479000
1702212171191844366
1702212171225209733
1702212171258575100
1702212171291940466
1702212171325305833
1702212171358671200
1702212171392036566
1702212171425401933
1702212171458767300
1702212171492132666
1702212171525498033
1702212171558863400
1702212171592228766
1702212171625594133
1702212171658959500
1702212171692324866
1702212171725690233
1702212171759055600
1702212171792420966
1702212171825786333
1702212171859151700
1702212171892517066
1702212171925882433
1702212171959247800
1702212171992613166
1702212172025978533
1702212172059343900
1702212172092709266
1702212172126074633
1702212172159440000
1702212172192805300
1702212172226170600
1702212172259535900
1702212172292901200
1702212172326266500
1702212172359631800
1702212172392997100
1702212172426362400
1702212172459727700
1702212172493093000
1702212172526458300
1702212172559823600
1702212172593188900
1702212172626554200
1702212172659919500
1702212172693284800
1702212172726650100
1702212172760015400
1702212172793380700
1702212172826746000
1702212172860111300
1702212172893476600
1702212172926841900
1702212172960207200
1702212172993572500
1702212173026937800
1702212173060303100
1702212173093668400
1702212173127033700
1702212173160399000
1702212173193764366
1702212173227129733
1702212173260495100
1702212173293860466
1702212173327225833
1702212173360591200
1702212173393956566
1702212173427321933
1702212173460687300
1702212173494052666
1702212173527418033
1702212173560783400
1702212173594148766
1702212173627514133
1702212173660879500
1702212173694244866
1702212173727610233
1702212173760975600
1702212173794340966
1702212173827706333
1702212173861071700
1702212173894437066
1702212173927802433
1702212173961167800
1702212173994533166
1702212174027898533
1702212174061263900
1702212174094629266
1702212174127994633
1702212174161360000
1702212174194725300
1702212174228090600
1702212174261455900
1702212174294821200
1702212174328186500
1702212174361551800
1702212174394917100
1702212174428282400
1702212174461647700
1702212174495013000
1702212174528378300
1702212174561743600
1702212174595108900
1702212174628474200
1702212174661839500
1702212174695204800
1702212174728570100
1702212174761935400
1702212174795300700
1702212174828666000
1702212174862031300
1702212174895396600
1702212174928761900
1702212174962127200
1702212174995492500
1702212175028857800
1702212175062223100
1702212175095588400
1702212175128953700
1702212175162319000
1702212175195684366
1702212175229049733
1702212175262415100
1702212175295780466
1702212175329145833
1702212175362511200
1702212175395876566
1702212175429241933
1702212175462607300
1702212175495972666
1702212175529338033
1702212175562703400
1702212175596068766
1702212175629434133
1702212175662799500
1702212175696164866
1702212175729530233
1702212175762895600
1702212175796260966
1702212175829626333
1702212175862991700
1702212175896357066
1702212175929722433
1702212175963087800
1702212175996453166
1702212176029818533
1702212176063183900
1702212176096549266
1702212176129914633
1702212176163280000
1702212176196645300
1702212176230010600
1702212176263375900
1702212176296741200
1702212176330106500
1702212176363471800
1702212176396837100
1702212176430202400
1702212176463567700
1702212176496933000
1702212176530298300
1702212176563663600
1702212176597028900
1702212176630394200
1702212176663759500
1702212176697124800
1702212176730490100
1702212176763855400
1702212176797220700
1702212176830586000
1702212176863951300
1702212176897316600
1702212176930681900
1702212176964047200
1702212176997412500
1702212177030777800
1702212177064143100
1702212177097508400
1702212177130873700
1702212177164239000
1702212177197604366
1702212177230969733
1702212177264335100
1702212177297700466
1702212177331065833
1702212177364431200
1702212177397796566
1702212177431161933
1702212177464527300
1702212177497892666
1702212177531258033
1702212177564623400
1702212177597988766
1702212177631354133
1702212177664719500
1702212177698084866
1702212177731450233
1702212177764815600
1702212177798180966
1702212177831546333
1702212177864911700
1702212177898277066
1702212177931642433
1702212177965007800
1702212177998373166
1702212178031738533
1702212178065103900
1702212178098469266
1702212178131834633
1702212178165200000
1702212178198565300
1702212178231930600
1702212178265295900
1702212178298661200
1702212178332026500
1702212178365391800
1702212178398757100
1702212178432122400
1702212178465487700
1702212178498853000
1702212178532218300
1702212178565583600
1702212178598948900
1702212178632314200
1702212178665679500
1702212178699044800
1702212178732410100
1702212178765775400
1702212178799140700
1702212178832506000
1702212178865871300
1702212178899236600
1702212178932601900
1702212178965967200
1702212178999332500
1702212179032697800
1702212179066063100
1702212179099428400
1702212179132793700
1702212179166159000
1702212179199524366
1702212179232889733
1702212179266255100
1702212179299620466
1702212179332985833
1702212179366351200
1702212179399716566
1702212179433081933
1702212179466447300
1702212179499812666
1702212179533178033
1702212179566543400
1702212179599908766
1702212179633274133
1702212179666639500
1702212179700004866
1702212179733370233
1702212179766735600
1702212179800100966
1702212179833466333
1702212179866831700
1702212179900197066
1702212179933562433
1702212179966927800
1702212180000293166
1702212180033658533
1702212180067023900
1702212180100389266
1702212180133754633
1702212180167120000
1702212180200485300
1702212180233850600
1702212180267215900
1702212180300581200
1702212180333946500
1702212180367311800
1702212180400677100
1702212180434042400
1702212180467407700
1702212180500773000
1702212180534138300
1702212180567503600
1702212180600868900
1702212180634234200
1702212180667599500
1702212180700964800
1702212180734330100
1702212180767695400
1702212180801060700
1702212180834426000
1702212180867791300
1702212180901156600
1702212180934521900
1702212180967887200
1702212181001252500
1702212181034617800
1702212181067983100
1702212181101348400
1702212181134713700
1702212181168079000
1702212181201444366
1702212181234809733
1702212181268175100
1702212181301540466
1702212181334905833
1702212181368271200
1702212181401636566
1702212181435001933
1702212181468367300
1702212181501732666
1702212181535098033
1702212181568463400
1702212181601828766
1702212181635194133
1702212181668559500
1702212181701924866
1702212181735290233
1702212181768655600
1702212181802020966
1702212181835386333
1702212181868751700
1702212181902117066
1702212181935482433
1702212181968847800
1702212182002213166
1702212182035578533
1702212182068943900
1702212182102309266
1702212182135674633
1702212182169040000
1702212182202405300
1702212182235770600
1702212182269135900
1702212182302501200
1702212182335866500
1702212182369231800
1702212182402597100
1702212182435962400
1702212182469327700
1702212182502693000
1702212182536058300
1702212182569423600
1702212182602788900
1702212182636154200
1702212182669519500
1702212182702884800
1702212182736250100
1702212182769615400
1702212182802980700
1702212182836346000
1702212182869711300
1702212182903076600
1702212182936441900
1702212182969807200
1702212183003172500
1702212183036537800
1702212183069903100
1702212183103268400
1702212183136633700
1702212183169999000
1702212183203364366
1702212183236729733
1702212183270095100
1702212183303460466
1702212183336825833
1702212183370191200
1702212183403556566
1702212183436921933
1702212183470287300
1702212183503652666
1702212183537018033
1702212183570383400
1702212183603748766
1702212183637114133
1702212183670479500
1702212183703844866
1702212183737210233
1702212183770575600
1702212183803940966
1702212183837306333
1702212183870671700
1702212183904037066
1702212183937402433
1702212183970767800
1702212184004133166
1702212184037498533
1702212184070863900
1702212184104229266
1702212184137594633
1702212184170960000
1702212184204325300
1702212184237690600
1702212184271055900
1702212184304421200
1702212184337786500
1702212184371151800
1702212184404517100
1702212184437882400
1702212184471247700
1702212184504613000
1702212184537978300
1702212184571343600
1702212184604708900
1702212184638074200
1702212184671439500
1702212184704804800
1702212184738170100
1702212184771535400
1702212184804900700
1702212184838266000
1702212184871631300
1702212184904996600
1702212184938361900
1702212184971727200
1702212185005092500
1702212185038457800
1702212185071823100
1702212185105188400
1702212185138553700
1702212185171919000
1702212185205284366
1702212185238649733
1702212185272015100
1702212185305380466
1702212185338745833
1702212185372111200
1702212185405476566
1702212185438841933
1702212185472207300
1702212185505572666
1702212185538938033
1702212185572303400
1702212185605668766
1702212185639034133
1702212185672399500
1702212185705764866
1702212185739130233
1702212185772495600
1702212185805860966
1702212185839226333
1702212185872591700
1702212185905957066
1702212185939322433
1702212185972687800
1702212186006053166
1702212186039418533
1702212186072783900
1702212186106149266
1702212186139514633
1702212186172880000
1702212186206245300
1702212186239610600
1702212186272975900
1702212186306341200
1702212186339706500
1702212186373071800
1702212186406437100
1702212186439802400
1702212186473167700
1702212186506533000
1702212186539898300
1702212186573263600
1702212186606628900
1702212186639994200
1702212186673359500
1702212186706724800
1702212186740090100
1702212186773455400
1702212186806820700
1702212186840186000
1702212186873551300
1702212186906916600
1702212186940281900
1702212186973647200
1702212187007012500
1702212187040377800
1702212187073743100
1702212187107108400
1702212187140473700
1702212187173839000
1702212187207204366
1702212187240569733
1702212187273935100
1702212187307300466
1702212187340665833
1702212187374031200
1702212187407396566
1702212187440761933
1702212187474127300
1702212187507492666
1702212187540858033
1702212187574223400
1702212187607588766
1702212187640954133
1702212187674319500
1702212187707684866
1702212187741050233
1702212187774415600
1702212187807780966
1702212187841146333
1702212187874511700
1702212187907877066
1702212187941242433
1702212187974607800
1702212188007973166
1702212188041338533
1702212188074703900
1702212188108069266
1702212188141434633
1702212188174800000
1702212188208165300
1702212188241530600
1702212188274895900
1702212188308261200
1702212188341626500
1702212188374991800
1702212188408357100
1702212188441722400
1702212188475087700
1702212188508453000
1702212188541818300
1702212188575183600
1702212188608548900
1702212188641914200
1702212188675279500
1702212188708644800
1702212188742010100
1702212188775375400
1702212188808740700
1702212188842106000
1702212188875471300
1702212188908836600
1702212188942201900
1702212188975567200
1702212189008932500
1702212189042297800
1702212189075663100
1702212189109028400
1702212189142393700
1702212189175759000
1702212189209124366
1702212189242489733
1702212189275855100
1702212189309220466
1702212189342585833
1702212189375951200
1702212189409316566
1702212189442681933
1702212189476047300
1702212189509412666
1702212189542778033
1702212189576143400
1702212189609508766
1702212189642874133
1702212189676239500
1702212189709604866
1702212189742970233
1702212189776335600
1702212189809700966
1702212189843066333
1702212189876431700
1702212189909797066
1702212189943162433
1702212189976527800
1702212190009893166
1702212190043258533
1702212190076623900
1702212190109989266
1702212190143354633
1702212190176720000
1702212190210085300
1702212190243450600
1702212190276815900
1702212190310181200
1702212190343546500
1702212190376911800
1702212190410277100
1702212190443642400
1702212190477007700
1702212190510373000
1702212190543738300
1702212190577103600
1702212190610468900
1702212190643834200
1702212190677199500
1702212190710564800
1702212190743930100
1702212190777295400
1702212190810660700
1702212190844026000
1702212190877391300
1702212190910756600
1702212190944121900
1702212190977487200
1702212191010852500
