1702212046034310000
1702212046067675266
1702212046101040533
1702212046134405800
1702212046167771066
1702212046201136333
1702212046234501600
1702212046267866866
1702212046301232133
1702212046334597400
1702212046367962666
1702212046401327933
1702212046434693200
1702212046468058466
1702212046501423733
1702212046534789000
1702212046568154266
1702212046601519533
1702212046634884800
1702212046668250066
1702212046701615333
1702212046734980600
1702212046768345866
1702212046801711133
1702212046835076400
1702212046868441666
1702212046901806933
1702212046935172200
1702212046968537466
1702212047001902733
1702212047035268000
1702212047068633366
1702212047101998733
1702212047135364100
1702212047168729466
1702212047202094833
1702212047235460200
1702212047268825566
1702212047302190933
1702212047335556300
1702212047368921666
1702212047402287033
1702212047435652400
1702212047469017766
1702212047502383133
1702212047535748500
1702212047569113866
1702212047602479233
1702212047635844600
1702212047669209966
1702212047702575333
1702212047735940700
1702212047769306066
1702212047802671433
1702212047836036800
1702212047869402166
1702212047902767533
1702212047936132900
1702212047969498266
1702212048002863633
1702212048036229000
1702212048069594366
1702212048102959733
1702212048136325100
1702212048169690466
1702212048203055833
1702212048236421200
1702212048269786566
1702212048303151933
1702212048336517300
1702212048369882666
1702212048403248033
1702212048436613400
1702212048469978766
1702212048503344133
1702212048536709500
1702212048570074866
1702212048603440233
1702212048636805600
1702212048670170966
1702212048703536333
1702212048736901700
1702212048770267066
1702212048803632433
1702212048836997800
1702212048870363166
1702212048903728533
1702212048937093900
1702212048970459266
1702212049003824633
1702212049037190000
1702212049070555300
1702212049103920600
1702212049137285900
1702212049170651200
1702212049204016500
1702212049237381800
1702212049270747100
1702212049304112400
1702212049337477700
1702212049370843000
1702212049404208300
1702212049437573600
1702212049470938900
1702212049504304200
1702212049537669500
1702212049571034800
1702212049604400100
1702212049637765400
1702212049671130700
1702212049704496000
1702212049737861300
1702212049771226600
1702212049804591900
1702212049837957200
1702212049871322500
1702212049904687800
1702212049938053100
1702212049971418400
1702212050004783700
1702212050038149000
1702212050071514366
1702212050104879733
1702212050138245100
1702212050171610466
1702212050204975833
1702212050238341200
1702212050271706566
1702212050305071933
1702212050338437300
1702212050371802666
1702212050405168033
1702212050438533400
1702212050471898766
1702212050505264133
1702212050538629500
1702212050571994866
1702212050605360233
1702212050638725600
1702212050672090966
1702212050705456333
1702212050738821700
1702212050772187066
1702212050805552433
1702212050838917800
1702212050872283166
1702212050905648533
1702212050939013900
1702212050972379266
1702212051005744633
1702212051039110000
1702212051072475300
1702212051105840600
1702212051139205900
1702212051172571200
1702212051205936500
1702212051239301800
1702212051272667100
1702212051306032400
1702212051339397700
1702212051372763000
1702212051406128300
1702212051439493600
1702212051472858900
1702212051506224200
1702212051539589500
1702212051572954800
1702212051606320100
1702212051639685400
1702212051673050700
1702212051706416000
1702212051739781300
1702212051773146600
1702212051806511900
1702212051839877200
1702212051873242500
1702212051906607800
1702212051939973100
1702212051973338400
1702212052006703700
1702212052040069000
1702212052073434366
1702212052106799733
1702212052140165100
1702212052173530466
1702212052206895833
1702212052240261200
1702212052273626566
1702212052306991933
1702212052340357300
1702212052373722666
1702212052407088033
1702212052440453400
1702212052473818766
1702212052507184133
1702212052540549500
1702212052573914866
1702212052607280233
1702212052640645600
1702212052674010966
1702212052707376333
1702212052740741700
1702212052774107066
1702212052807472433
1702212052840837800
1702212052874203166
1702212052907568533
1702212052940933900
1702212052974299266
1702212053007664633
1702212053041030000
1702212053074395300
1702212053107760600
1702212053141125900
1702212053174491200
1702212053207856500
1702212053241221800
1702212053274587100
1702212053307952400
1702212053341317700
1702212053374683000
1702212053408048300
1702212053441413600
1702212053474778900
1702212053508144200
1702212053541509500
1702212053574874800
1702212053608240100
1702212053641605400
1702212053674970700
1702212053708336000
1702212053741701300
1702212053775066600
1702212053808431900
1702212053841797200
1702212053875162500
1702212053908527800
1702212053941893100
1702212053975258400
1702212054008623700
1702212054041989000
1702212054075354366
1702212054108719733
1702212054142085100
1702212054175450466
1702212054208815833
1702212054242181200
1702212054275546566
1702212054308911933
1702212054342277300
1702212054375642666
1702212054409008033
1702212054442373400
1702212054475738766
1702212054509104133
1702212054542469500
1702212054575834866
1702212054609200233
1702212054642565600
1702212054675930966
1702212054709296333
1702212054742661700
1702212054776027066
1702212054809392433
1702212054842757800
1702212054876123166
1702212054909488533
1702212054942853900
1702212054976219266
1702212055009584633
1702212055042950000
1702212055076315300
1702212055109680600
1702212055143045900
1702212055176411200
1702212055209776500
1702212055243141800
1702212055276507100
1702212055309872400
1702212055343237700
1702212055376603000
1702212055409968300
1702212055443333600
1702212055476698900
1702212055510064200
1702212055543429500
1702212055576794800
1702212055610160100
1702212055643525400
1702212055676890700
1702212055710256000
1702212055743621300
1702212055776986600
1702212055810351900
1702212055843717200
1702212055877082500
1702212055910447800
1702212055943813100
1702212055977178400
1702212056010543700
1702212056043909000
1702212056077274366
1702212056110639733
1702212056144005100
1702212056177370466
1702212056210735833
1702212056244101200
1702212056277466566
1702212056310831933
1702212056344197300
1702212056377562666
1702212056410928033
1702212056444293400
1702212056477658766
1702212056511024133
1702212056544389500
1702212056577754866
1702212056611120233
1702212056644485600
1702212056677850966
1702212056711216333
1702212056744581700
1702212056777947066
1702212056811312433
1702212056844677800
1702212056878043166
1702212056911408533
1702212056944773900
1702212056978139266
1702212057011504633
1702212057044870000
1702212057078235300
1702212057111600600
1702212057144965900
1702212057178331200
1702212057211696500
1702212057245061800
1702212057278427100
1702212057311792400
1702212057345157700
1702212057378523000
1702212057411888300
1702212057445253600
1702212057478618900
1702212057511984200
1702212057545349500
1702212057578714800
1702212057612080100
1702212057645445400
1702212057678810700
1702212057712176000
1702212057745541300
1702212057778906600
1702212057812271900
1702212057845637200
1702212057879002500
1702212057912367800
1702212057945733100
1702212057979098400
1702212058012463700
1702212058045829000
1702212058079194366
1702212058112559733
1702212058145925100
1702212058179290466
1702212058212655833
1702212058246021200
1702212058279386566
1702212058312751933
1702212058346117300
1702212058379482666
1702212058412848033
1702212058446213400
1702212058479578766
1702212058512944133
1702212058546309500
1702212058579674866
1702212058613040233
1702212058646405600
1702212058679770966
1702212058713136333
1702212058746501700
1702212058779867066
1702212058813232433
1702212058846597800
1702212058879963166
1702212058913328533
1702212058946693900
1702212058980059266
1702212059013424633
1702212059046790000
1702212059080155300
1702212059113520600
1702212059146885900
1702212059180251200
1702212059213616500
1702212059246981800
1702212059280347100
1702212059313712400
1702212059347077700
1702212059380443000
1702212059413808300
1702212059447173600
1702212059480538900
1702212059513904200
1702212059547269500
1702212059580634800
1702212059614000100
1702212059647365400
1702212059680730700
1702212059714096000
1702212059747461300
1702212059780826600
1702212059814191900
1702212059847557200
1702212059880922500
1702212059914287800
1702212059947653100
1702212059981018400
1702212060014383700
1702212060047749000
1702212060081114366
1702212060114479733
1702212060147845100
1702212060181210466
1702212060214575833
1702212060247941200
1702212060281306566
1702212060314671933
1702212060348037300
1702212060381402666
1702212060414768033
1702212060448133400
1702212060481498766
1702212060514864133
1702212060548229500
1702212060581594866
1702212060614960233
1702212060648325600
1702212060681690966
1702212060715056333
1702212060748421700
1702212060781787066
1702212060815152433
1702212060848517800
1702212060881883166
1702212060915248533
1702212060948613900
1702212060981979266
1702212061015344633
1702212061036197987
1702212061069563312
1702212061102928612
1702212061136293912
1702212061169659212
1702212061203024512
1702212061236389812
1702212061269755112
1702212061303120412
1702212061336485712
1702212061369851012
1702212061403216312
1702212061436581612
1702212061469946912
1702212061503312212
1702212061536677512
1702212061570042812
1702212061603408112
1702212061636773412
1702212061670138712
1702212061703504012
1702212061736869312
1702212061770234612
1702212061803599912
1702212061836965212
1702212061870330512
1702212061903695812
1702212061937061112
1702212061970426412
1702212062003791712
1702212062037157012
1702212062070522354
1702212062103887720
1702212062137253087
1702212062170618454
1702212062203983820
1702212062237349187
1702212062270714554
1702212062304079920
1702212062337445287
1702212062370810654
1702212062404176020
1702212062437541387
1702212062470906754
1702212062504272120
1702212062537637487
1702212062571002854
1702212062604368220
1702212062637733587
1702212062671098954
1702212062704464320
1702212062737829687
1702212062771195054
1702212062804560420
1702212062837925787
1702212062871291154
1702212062904656520
1702212062938021887
1702212062971387254
1702212063004752620
1702212063038117987
1702212063071483312
1702212063104848612
1702212063138213912
1702212063171579212
1702212063204944512
1702212063238309812
1702212063271675112
1702212063305040412
1702212063338405712
1702212063371771012
1702212063405136312
1702212063438501612
1702212063471866912
1702212063505232212
1702212063538597512
1702212063571962812
1702212063605328112
1702212063638693412
1702212063672058712
1702212063705424012
1702212063738789312
1702212063772154612
1702212063805519912
1702212063838885212
1702212063872250512
1702212063905615812
1702212063938981112
1702212063972346412
1702212064005711712
1702212064039077012
1702212064072442354
1702212064105807720
1702212064139173087
1702212064172538454
1702212064205903820
1702212064239269187
1702212064272634554
1702212064305999920
1702212064339365287
1702212064372730654
1702212064406096020
1702212064439461387
1702212064472826754
1702212064506192120
1702212064539557487
1702212064572922854
1702212064606288220
1702212064639653587
1702212064673018954
1702212064706384320
1702212064739749687
1702212064773115054
1702212064806480420
1702212064839845787
1702212064873211154
1702212064906576520
1702212064939941887
1702212064973307254
1702212065006672620
1702212065040037987
1702212065073403312
1702212065106768612
1702212065140133912
1702212065173499212
1702212065206864512
1702212065240229812
1702212065273595112
1702212065306960412
1702212065340325712
1702212065373691012
1702212065407056312
1702212065440421612
1702212065473786912
1702212065507152212
1702212065540517512
1702212065573882812
1702212065607248112
1702212065640613412
1702212065673978712
1702212065707344012
1702212065740709312
1702212065774074612
1702212065807439912
1702212065840805212
1702212065874170512
1702212065907535812
1702212065940901112
1702212065974266412
1702212066007631712
1702212066040997012
1702212066074362354
1702212066107727720
1702212066141093087
1702212066174458454
1702212066207823820
1702212066241189187
1702212066274554554
1702212066307919920
1702212066341285287
1702212066374650654
1702212066408016020
1702212066441381387
1702212066474746754
1702212066508112120
1702212066541477487
1702212066574842854
1702212066608208220
1702212066641573587
1702212066674938954
1702212066708304320
1702212066741669687
1702212066775035054
1702212066808400420
1702212066841765787
1702212066875131154
1702212066908496520
1702212066941861887
1702212066975227254
1702212067008592620
1702212067041957987
1702212067075323312
1702212067108688612
1702212067142053912
1702212067175419212
1702212067208784512
1702212067242149812
1702212067275515112
1702212067308880412
1702212067342245712
1702212067375611012
1702212067408976312
1702212067442341612
1702212067475706912
1702212067509072212
1702212067542437512
1702212067575802812
1702212067609168112
1702212067642533412
1702212067675898712
1702212067709264012
1702212067742629312
1702212067775994612
1702212067809359912
1702212067842725212
1702212067876090512
1702212067909455812
1702212067942821112
1702212067976186412
1702212068009551712
1702212068042917012
1702212068076282354
1702212068109647720
1702212068143013087
1702212068176378454
1702212068209743820
1702212068243109187
1702212068276474554
1702212068309839920
1702212068343205287
1702212068376570654
1702212068409936020
1702212068443301387
1702212068476666754
1702212068510032120
1702212068543397487
1702212068576762854
1702212068610128220
1702212068643493587
1702212068676858954
1702212068710224320
1702212068743589687
1702212068776955054
1702212068810320420
1702212068843685787
1702212068877051154
1702212068910416520
1702212068943781887
1702212068977147254
1702212069010512620
1702212069043877987
1702212069077243312
1702212069110608612
1702212069143973912
1702212069177339212
1702212069210704512
1702212069244069812
1702212069277435112
1702212069310800412
1702212069344165712
1702212069377531012
1702212069410896312
1702212069444261612
1702212069477626912
1702212069510992212
1702212069544357512
1702212069577722812
1702212069611088112
1702212069644453412
1702212069677818712
1702212069711184012
1702212069744549312
1702212069777914612
1702212069811279912
1702212069844645212
1702212069878010512
1702212069911375812
1702212069944741112
1702212069978106412
1702212070011471712
1702212070044837012
1702212070078202354
1702212070111567720
1702212070144933087
1702212070178298454
1702212070211663820
1702212070245029187
1702212070278394554
1702212070311759920
1702212070345125287
1702212070378490654
1702212070411856020
1702212070445221387
1702212070478586754
1702212070511952120
1702212070545317487
1702212070578682854
1702212070612048220
1702212070645413587
1702212070678778954
1702212070712144320
1702212070745509687
1702212070778875054
1702212070812240420
1702212070845605787
1702212070878971154
1702212070912336520
1702212070945701887
1702212070979067254
1702212071012432620
1702212071045797987
1702212071079163312
1702212071112528612
1702212071145893912
1702212071179259212
1702212071212624512
1702212071245989812
1702212071279355112
1702212071312720412
1702212071346085712
1702212071379451012
1702212071412816312
1702212071446181612
1702212071479546912
1702212071512912212
1702212071546277512
1702212071579642812
1702212071613008112
1702212071646373412
1702212071679738712
1702212071713104012
1702212071746469312
1702212071779834612
1702212071813199912
1702212071846565212
1702212071879930512
1702212071913295812
1702212071946661112
1702212071980026412
1702212072013391712
1702212072046757012
1702212072080122354
1702212072113487720
1702212072146853087
1702212072180218454
1702212072213583820
1702212072246949187
1702212072280314554
1702212072313679920
1702212072347045287
1702212072380410654
1702212072413776020
1702212072447141387
1702212072480506754
1702212072513872120
1702212072547237487
1702212072580602854
1702212072613968220
1702212072647333587
1702212072680698954
1702212072714064320
1702212072747429687
1702212072780795054
1702212072814160420
1702212072847525787
1702212072880891154
1702212072914256520
1702212072947621887
1702212072980987254
1702212073014352620
1702212073047717987
1702212073081083312
1702212073114448612
1702212073147813912
1702212073181179212
1702212073214544512
1702212073247909812
1702212073281275112
1702212073314640412
1702212073348005712
1702212073381371012
1702212073414736312
1702212073448101612
1702212073481466912
1702212073514832212
1702212073548197512
1702212073581562812
1702212073614928112
1702212073648293412
1702212073681658712
1702212073715024012
1702212073748389312
1702212073781754612
1702212073815119912
1702212073848485212
1702212073881850512
1702212073915215812
1702212073948581112
1702212073981946412
1702212074015311712
1702212074048677012
1702212074082042354
1702212074115407720
1702212074148773087
1702212074182138454
1702212074215503820
1702212074248869187
1702212074282234554
1702212074315599920
1702212074348965287
1702212074382330654
1702212074415696020
1702212074449061387
1702212074482426754
1702212074515792120
1702212074549157487
1702212074582522854
1702212074615888220
1702212074649253587
1702212074682618954
1702212074715984320
1702212074749349687
1702212074782715054
1702212074816080420
1702212074849445787
1702212074882811154
1702212074916176520
1702212074949541887
1702212074982907254
1702212075016272620
1702212075049637987
1702212075083003312
1702212075116368612
1702212075149733912
1702212075183099212
1702212075216464512
1702212075249829812
1702212075283195112
1702212075316560412
1702212075349925712
1702212075383291012
1702212075416656312
1702212075450021612
1702212075483386912
1702212075516752212
1702212075550117512
1702212075583482812
1702212075616848112
1702212075650213412
1702212075683578712
1702212075716944012
1702212075750309312
1702212075783674612
1702212075817039912
1702212075850405212
1702212075883770512
1702212075917135812
1702212075950501112
1702212075983866412
1702212076017231712
1702212076050597012
1702212076083962354
1702212076117327720
1702212076150693087
1702212076184058454
1702212076217423820
1702212076250789187
1702212076284154554
1702212076317519920
1702212076350885287
1702212076384250654
1702212076417616020
1702212076450981387
1702212076484346754
1702212076517712120
1702212076551077487
1702212076584442854
1702212076617808220
1702212076651173587
1702212076684538954
1702212076717904320
1702212076751269687
1702212076784635054
1702212076818000420
1702212076851365787
1702212076884731154
1702212076918096520
1702212076951461887
1702212076984827254
1702212077018192620
1702212077051557987
1702212077084923312
1702212077118288612
1702212077151653912
1702212077185019212
1702212077218384512
1702212077251749812
1702212077285115112
1702212077318480412
1702212077351845712
1702212077385211012
1702212077418576312
1702212077451941612
1702212077485306912
1702212077518672212
1702212077552037512
1702212077585402812
1702212077618768112
1702212077652133412
1702212077685498712
1702212077718864012
1702212077752229312
1702212077785594612
1702212077818959912
1702212077852325212
1702212077885690512
1702212077919055812
1702212077952421112
1702212077985786412
1702212078019151712
1702212078052517012
1702212078085882354
1702212078119247720
1702212078152613087
1702212078185978454
1702212078219343820
1702212078252709187
1702212078286074554
1702212078319439920
1702212078352805287
1702212078386170654
1702212078419536020
1702212078452901387
1702212078486266754
1702212078519632120
1702212078552997487
1702212078586362854
1702212078619728220
1702212078653093587
1702212078686458954
1702212078719824320
1702212078753189687
1702212078786555054
1702212078819920420
1702212078853285787
1702212078886651154
1702212078920016520
1702212078953381887
1702212078986747254
1702212079020112620
1702212079053477987
1702212079086843312
1702212079120208612
1702212079153573912
1702212079186939212
1702212079220304512
1702212079253669812
1702212079287035112
1702212079320400412
1702212079353765712
1702212079387131012
1702212079420496312
1702212079453861612
1702212079487226912
1702212079520592212
1702212079553957512
1702212079587322812
1702212079620688112
1702212079654053412
1702212079687418712
1702212079720784012
1702212079754149312
1702212079787514612
1702212079820879912
1702212079854245212
1702212079887610512
1702212079920975812
1702212079954341112
1702212079987706412
1702212080021071712
1702212080054437012
1702212080087802354
1702212080121167720
1702212080154533087
1702212080187898454
1702212080221263820
1702212080254629187
1702212080287994554
1702212080321359920
1702212080354725287
1702212080388090654
1702212080421456020
1702212080454821387
1702212080488186754
1702212080521552120
1702212080554917487
1702212080588282854
1702212080621648220
1702212080655013587
1702212080688378954
1702212080721744320
1702212080755109687
1702212080788475054
1702212080821840420
1702212080855205787
1702212080888571154
1702212080921936520
1702212080955301887
1702212080988667254
1702212081022032620
1702212081055397987
1702212081088763312
1702212081122128612
1702212081155493912
1702212081188859212
1702212081222224512
1702212081255589812
1702212081288955112
1702212081322320412
1702212081355685712
1702212081389051012
1702212081422416312
1702212081455781612
1702212081489146912
1702212081522512212
1702212081555877512
1702212081589242812
1702212081622608112
1702212081655973412
1702212081689338712
1702212081722704012
1702212081756069312
1702212081789434612
1702212081822799912
1702212081856165212
1702212081889530512
1702212081922895812
1702212081956261112
1702212081989626412
1702212082022991712
1702212082056357012
1702212082089722354
1702212082123087720
1702212082156453087
1702212082189818454
1702212082223183820
1702212082256549187
1702212082289914554
1702212082323279920
1702212082356645287
1702212082390010654
1702212082423376020
1702212082456741387
1702212082490106754
1702212082523472120
1702212082556837487
1702212082590202854
1702212082623568220
1702212082656933587
1702212082690298954
1702212082723664320
1702212082757029687
1702212082790395054
1702212082823760420
1702212082857125787
1702212082890491154
1702212082923856520
1702212082957221887
1702212082990587254
1702212083023952620
1702212083057317987
1702212083090683312
1702212083124048612
1702212083157413912
1702212083190779212
1702212083224144512
1702212083257509812
1702212083290875112
1702212083324240412
1702212083357605712
1702212083390971012
1702212083424336312
1702212083457701612
1702212083491066912
1702212083524432212
1702212083557797512
1702212083591162812
1702212083624528112
1702212083657893412
1702212083691258712
1702212083724624012
1702212083757989312
1702212083791354612
1702212083824719912
1702212083858085212
1702212083891450512
1702212083924815812
1702212083958181112
1702212083991546412
1702212084024911712
1702212084058277012
1702212084091642354
1702212084125007720
1702212084158373087
1702212084191738454
1702212084225103820
1702212084258469187
1702212084291834554
1702212084325199920
1702212084358565287
1702212084391930654
1702212084425296020
1702212084458661387
1702212084492026754
1702212084525392120
1702212084558757487
1702212084592122854
1702212084625488220
1702212084658853587
1702212084692218954
1702212084725584320
1702212084758949687
1702212084792315054
1702212084825680420
1702212084859045787
1702212084892411154
1702212084925776520
1702212084959141887
1702212084992507254
1702212085025872620
1702212085059237987
1702212085092603312
1702212085125968612
1702212085159333912
1702212085192699212
1702212085226064512
1702212085259429812
1702212085292795112
1702212085326160412
1702212085359525712
1702212085392891012
1702212085426256312
1702212085459621612
1702212085492986912
1702212085526352212
1702212085559717512
1702212085593082812
1702212085626448112
1702212085659813412
1702212085693178712
1702212085726544012
1702212085759909312
1702212085793274612
1702212085826639912
1702212085860005212
1702212085893370512
1702212085926735812
1702212085960101112
1702212085993466412
1702212086026831712
1702212086060197012
1702212086093562354
1702212086126927720
1702212086160293087
1702212086193658454
1702212086227023820
1702212086260389187
1702212086293754554
1702212086327119920
1702212086360485287
1702212086393850654
1702212086427216020
1702212086460581387
1702212086493946754
1702212086527312120
1702212086560677487
1702212086594042854
1702212086627408220
1702212086660773587
1702212086694138954
1702212086727504320
1702212086760869687
1702212086794235054
1702212086827600420
1702212086860965787
1702212086894331154
1702212086927696520
1702212086961061887
1702212086994427254
1702212087027792620
1702212087061157987
1702212087094523312
1702212087127888612
1702212087161253912
1702212087194619212
1702212087227984512
1702212087261349812
1702212087294715112
1702212087328080412
1702212087361445712
1702212087394811012
1702212087428176312
1702212087461541612
1702212087494906912
1702212087528272212
1702212087561637512
1702212087595002812
1702212087628368112
1702212087661733412
1702212087695098712
1702212087728464012
1702212087761829312
1702212087795194612
1702212087828559912
1702212087861925212
1702212087895290512
1702212087928655812
1702212087962021112
1702212087995386412
1702212088028751712
1702212088062117012
1702212088095482354
1702212088128847720
1702212088162213087
1702212088195578454
1702212088228943820
1702212088262309187
1702212088295674554
1702212088329039920
1702212088362405287
1702212088395770654
1702212088429136020
1702212088462501387
1702212088495866754
1702212088529232120
1702212088562597487
1702212088595962854
1702212088629328220
1702212088662693587
1702212088696058954
1702212088729424320
1702212088762789687
1702212088796155054
1702212088829520420
1702212088862885787
1702212088896251154
1702212088929616520
1702212088962981887
1702212088996347254
1702212089029712620
1702212089063077987
1702212089096443312
1702212089129808612
1702212089163173912
1702212089196539212
1702212089229904512
1702212089263269812
1702212089296635112
1702212089330000412
1702212089363365712
1702212089396731012
1702212089430096312
1702212089463461612
1702212089496826912
1702212089530192212
1702212089563557512
1702212089596922812
1702212089630288112
1702212089663653412
1702212089697018712
1702212089730384012
1702212089763749312
1702212089797114612
1702212089830479912
1702212089863845212
1702212089897210512
1702212089930575812
1702212089963941112
1702212089997306412
1702212090030671712
1702212090064037012
1702212090097402354
1702212090130767720
1702212090164133087
1702212090197498454
1702212090230863820
1702212090264229187
1702212090297594554
1702212090330959920
1702212090364325287
1702212090397690654
1702212090431056020
1702212090464421387
1702212090497786754
1702212090531152120
1702212090564517487
1702212090597882854
1702212090631248220
1702212090664613587
1702212090697978954
1702212090731344320
1702212090764709687
1702212090798075054
1702212090831440420
1702212090864805787
1702212090898171154
1702212090931536520
1702212090964901887
1702212090998267254
1702212091031632620
1702212091064997987
1702212091098363312
1702212091131728612
1702212091165093912
1702212091198459212
1702212091231824512
1702212091265189812
1702212091298555112
1702212091331920412
1702212091365285712
1702212091398651012
1702212091432016312
1702212091465381612
1702212091498746912
1702212091532112212
1702212091565477512
1702212091598842812
1702212091632208112
1702212091665573412
1702212091698938712
1702212091732304012
1702212091765669312
1702212091799034612
1702212091832399912
1702212091865765212
1702212091899130512
1702212091932495812
1702212091965861112
1702212091999226412
1702212092032591712
1702212092065957012
1702212092099322354
1702212092132687720
1702212092166053087
1702212092199418454
1702212092232783820
1702212092266149187
1702212092299514554
1702212092332879920
1702212092366245287
1702212092399610654
1702212092432976020
1702212092466341387
1702212092499706754
1702212092533072120
1702212092566437487
1702212092599802854
1702212092633168220
1702212092666533587
1702212092699898954
1702212092733264320
1702212092766629687
1702212092799995054
1702212092833360420
1702212092866725787
1702212092900091154
1702212092933456520
1702212092966821887
1702212093000187254
1702212093033552620
1702212093066917987
1702212093100283312
1702212093133648612
1702212093167013912
1702212093200379212
1702212093233744512
1702212093267109812
1702212093300475112
1702212093333840412
1702212093367205712
1702212093400571012
1702212093433936312
1702212093467301612
1702212093500666912
1702212093534032212
1702212093567397512
1702212093600762812
1702212093634128112
1702212093667493412
1702212093700858712
1702212093734224012
1702212093767589312
1702212093800954612
1702212093834319912
1702212093867685212
1702212093901050512
1702212093934415812
1702212093967781112
1702212094001146412
1702212094034511712
1702212094067877012
1702212094101242354
1702212094134607720
1702212094167973087
1702212094201338454
1702212094234703820
1702212094268069187
1702212094301434554
1702212094334799920
1702212094368165287
1702212094401530654
1702212094434896020
1702212094468261387
1702212094501626754
1702212094534992120
1702212094568357487
1702212094601722854
1702212094635088220
1702212094668453587
1702212094701818954
1702212094735184320
1702212094768549687
1702212094801915054
1702212094835280420
1702212094868645787
1702212094902011154
1702212094935376520
1702212094968741887
1702212095002107254
1702212095035472620
1702212095068837987
1702212095102203312
1702212095135568612
1702212095168933912
1702212095202299212
1702212095235664512
1702212095269029812
1702212095302395112
1702212095335760412
1702212095369125712
1702212095402491012
1702212095435856312
1702212095469221612
1702212095502586912
1702212095535952212
1702212095569317512
1702212095602682812
1702212095636048112
1702212095669413412
1702212095702778712
1702212095736144012
1702212095769509312
1702212095802874612
1702212095836239912
1702212095869605212
1702212095902970512
1702212095936335812
1702212095969701112
1702212096003066412
1702212096036431712
1702212096069797012
1702212096103162354
1702212096136527720
1702212096169893087
1702212096203258454
1702212096236623820
1702212096269989187
1702212096303354554
1702212096336719920
1702212096370085287
1702212096403450654
1702212096436816020
1702212096470181387
1702212096503546754
1702212096536912120
1702212096570277487
1702212096603642854
1702212096637008220
1702212096670373587
1702212096703738954
1702212096737104320
1702212096770469687
1702212096803835054
1702212096837200420
1702212096870565787
1702212096903931154
1702212096937296520
1702212096970661887
1702212097004027254
1702212097037392620
1702212097070757987
1702212097104123312
1702212097137488612
1702212097170853912
1702212097204219212
1702212097237584512
1702212097270949812
1702212097304315112
1702212097337680412
1702212097371045712
1702212097404411012
1702212097437776312
1702212097471141612
1702212097504506912
1702212097537872212
1702212097571237512
1702212097604602812
1702212097637968112
1702212097671333412
1702212097704698712
1702212097738064012
1702212097771429312
1702212097804794612
1702212097838159912
1702212097871525212
1702212097904890512
1702212097938255812
1702212097971621112
1702212098004986412
1702212098038351712
1702212098071717012
1702212098105082354
1702212098138447720
1702212098171813087
1702212098205178454
1702212098238543820
1702212098271909187
1702212098305274554
1702212098338639920
1702212098372005287
1702212098405370654
1702212098438736020
1702212098472101387
1702212098505466754
1702212098538832120
1702212098572197487
1702212098605562854
1702212098638928220
1702212098672293587
1702212098705658954
1702212098739024320
1702212098772389687
1702212098805755054
1702212098839120420
1702212098872485787
1702212098905851154
1702212098939216520
1702212098972581887
1702212099005947254
1702212099039312620
1702212099072677987
1702212099106043312
1702212099139408612
1702212099172773912
1702212099206139212
1702212099239504512
1702212099272869812
1702212099306235112
1702212099339600412
1702212099372965712
1702212099406331012
1702212099439696312
1702212099473061612
1702212099506426912
1702212099539792212
1702212099573157512
1702212099606522812
1702212099639888112
1702212099673253412
1702212099706618712
1702212099739984012
1702212099773349312
1702212099806714612
1702212099840079912
1702212099873445212
1702212099906810512
1702212099940175812
1702212099973541112
1702212100006906412
1702212100040271712
1702212100073637012
1702212100107002354
1702212100140367720
1702212100173733087
1702212100207098454
1702212100240463820
1702212100273829187
1702212100307194554
1702212100340559920
1702212100373925287
1702212100407290654
1702212100440656020
1702212100474021387
1702212100507386754
1702212100540752120
1702212100574117487
1702212100607482854
1702212100640848220
1702212100674213587
1702212100707578954
1702212100740944320
1702212100774309687
1702212100807675054
1702212100841040420
1702212100874405787
1702212100907771154
1702212100941136520
1702212100974501887
1702212101007867254
1702212101041232620
1702212101074597987
1702212101107963312
1702212101141328612
1702212101174693912
1702212101208059212
1702212101241424512
1702212101274789812
1702212101308155112
1702212101341520412
1702212101374885712
1702212101408251012
1702212101441616312
1702212101474981612
1702212101508346912
1702212101541712212
1702212101575077512
1702212101608442812
1702212101641808112
1702212101675173412
1702212101708538712
1702212101741904012
1702212101775269312
1702212101808634612
1702212101841999912
1702212101875365212
1702212101908730512
1702212101942095812
1702212101975461112
1702212102008826412
1702212102042191712
1702212102075557012
1702212102108922354
1702212102142287720
1702212102175653087
1702212102209018454
1702212102242383820
1702212102275749187
1702212102309114554
1702212102342479920
1702212102375845287
1702212102409210654
1702212102442576020
1702212102475941387
1702212102509306754
1702212102542672120
1702212102576037487
1702212102609402854
1702212102642768220
1702212102676133587
1702212102709498954
1702212102742864320
1702212102776229687
1702212102809595054
1702212102842960420
1702212102876325787
1702212102909691154
1702212102943056520
1702212102976421887
1702212103009787254
1702212103043152620
1702212103076517987
1702212103109883312
1702212103143248612
1702212103176613912
1702212103209979212
1702212103243344512
1702212103276709812
1702212103310075112
1702212103343440412
1702212103376805712
1702212103410171012
1702212103443536312
1702212103476901612
1702212103510266912
1702212103543632212
1702212103576997512
1702212103610362812
1702212103643728112
1702212103677093412
1702212103710458712
1702212103743824012
1702212103777189312
1702212103810554612
1702212103843919912
1702212103877285212
1702212103910650512
1702212103944015812
1702212103977381112
1702212104010746412
1702212104044111712
1702212104077477012
1702212104110842354
1702212104144207720
1702212104177573087
1702212104210938454
1702212104244303820
1702212104277669187
1702212104311034554
1702212104344399920
1702212104377765287
1702212104411130654
1702212104444496020
1702212104477861387
1702212104511226754
1702212104544592120
1702212104577957487
1702212104611322854
1702212104644688220
1702212104678053587
1702212104711418954
1702212104744784320
1702212104778149687
1702212104811515054
1702212104844880420
1702212104878245787
1702212104911611154
1702212104944976520
1702212104978341887
1702212105011707254
1702212105045072620
1702212105078437987
1702212105111803312
1702212105145168612
1702212105178533912
1702212105211899212
1702212105245264512
1702212105278629812
1702212105311995112
1702212105345360412
1702212105378725712
1702212105412091012
1702212105445456312
1702212105478821612
1702212105512186912
1702212105545552212
1702212105578917512
1702212105612282812
1702212105645648112
1702212105679013412
1702212105712378712
1702212105745744012
1702212105779109312
1702212105812474612
1702212105845839912
1702212105879205212
1702212105912570512
1702212105945935812
1702212105979301112
1702212106012666412
1702212106046031712
1702212106079397012
1702212106112762354
1702212106146127720
1702212106179493087
1702212106212858454
1702212106246223820
1702212106279589187
1702212106312954554
1702212106346319920
1702212106379685287
1702212106413050654
1702212106446416020
1702212106479781387
1702212106513146754
1702212106546512120
1702212106579877487
1702212106613242854
1702212106646608220
1702212106679973587
1702212106713338954
1702212106746704320
1702212106780069687
1702212106813435054
1702212106846800420
1702212106880165787
1702212106913531154
1702212106946896520
1702212106980261887
1702212107013627254
1702212107046992620
1702212107080357987
1702212107113723312
1702212107147088612
1702212107180453912
1702212107213819212
1702212107247184512
1702212107280549812
1702212107313915112
1702212107347280412
1702212107380645712
1702212107414011012
1702212107447376312
1702212107480741612
1702212107514106912
1702212107547472212
1702212107580837512
1702212107614202812
1702212107647568112
1702212107680933412
1702212107714298712
1702212107747664012
1702212107781029312
1702212107814394612
1702212107847759912
1702212107881125212
1702212107914490512
1702212107947855812
1702212107981221112
1702212108014586412
1702212108047951712
1702212108081317012
1702212108114682354
1702212108148047720
1702212108181413087
1702212108214778454
1702212108248143820
1702212108281509187
1702212108314874554
1702212108348239920
1702212108381605287
1702212108414970654
1702212108448336020
1702212108481701387
1702212108515066754
1702212108548432120
1702212108581797487
1702212108615162854
1702212108648528220
1702212108681893587
1702212108715258954
1702212108748624320
1702212108781989687
1702212108815355054
1702212108848720420
1702212108882085787
1702212108915451154
1702212108948816520
1702212108982181887
1702212109015547254
1702212109048912620
1702212109082277987
1702212109115643312
1702212109149008612
1702212109182373912
1702212109215739212
1702212109249104512
1702212109282469812
1702212109315835112
1702212109349200412
1702212109382565712
1702212109415931012
1702212109449296312
1702212109482661612
1702212109516026912
1702212109549392212
1702212109582757512
1702212109616122812
1702212109649488112
1702212109682853412
1702212109716218712
1702212109749584012
1702212109782949312
1702212109816314612
1702212109849679912
1702212109883045212
1702212109916410512
1702212109949775812
1702212109983141112
1702212110016506412
1702212110049871712
1702212110083237012
1702212110116584645
1702212110149921679
1702212110183258712
1702212110216595745
1702212110249932779
1702212110283269812
1702212110316606845
1702212110349943879
1702212110383280912
1702212110416617945
1702212110449954979
1702212110483292012
1702212110516629045
1702212110549966079
1702212110583303112
1702212110616640145
1702212110649977179
1702212110683314212
1702212110716651245
1702212110749988279
1702212110783325312
1702212110816662345
1702212110849999379
1702212110883336412
1702212110916673445
1702212110950010479
1702212110983347512
1702212111016684545
1702212111050021579
1702212111083358612
1702212111116817916
1702212111150350583
1702212111183883250
1702212111217415916
1702212111250948583
1702212111284481250
1702212111318013916
1702212111351546583
1702212111385079250
1702212111418611916
1702212111452144583
1702212111485677250
1702212111519209916
1702212111552742583
1702212111586275250
1702212111619807916
1702212111653340583
1702212111686873250
1702212111720405916
1702212111753938583
1702212111787471250
1702212111821003916
1702212111854536583
1702212111888069250
1702212111921601916
1702212111955134583
1702212111988667250
1702212112022199916
1702212112055732583
1702212112089265250
1702212112122693312
1702212112156058612
1702212112189423912
1702212112222789212
1702212112256154512
1702212112289519812
1702212112322885112
1702212112356250412
1702212112389615712
1702212112422981012
1702212112456346312
1702212112489711612
1702212112523076912
1702212112556442212
1702212112589807512
1702212112623172812
1702212112656538112
1702212112689903412
1702212112723268712
1702212112756634012
1702212112789999312
1702212112823364612
1702212112856729912
1702212112890095212
1702212112923460512
1702212112956825812
1702212112990191112
1702212113023556412
1702212113056921712
1702212113090287012
1702212113123652354
1702212113157017720
1702212113190383087
1702212113223748454
1702212113257113820
1702212113290479187
1702212113323844554
1702212113357209920
1702212113390575287
1702212113423940654
1702212113457306020
1702212113490671387
1702212113524036754
1702212113557402120
1702212113590767487
1702212113624132854
1702212113657498220
1702212113690863587
1702212113724228954
1702212113757594320
1702212113790959687
1702212113824325054
1702212113857690420
1702212113891055787
1702212113924421154
1702212113957786520
1702212113991151887
1702212114024517254
1702212114057882620
1702212114091247987
1702212114124613312
1702212114157978612
1702212114191343912
1702212114224709212
1702212114258074512
1702212114291439812
1702212114324805112
1702212114358170412
1702212114391535712
1702212114424901012
1702212114458266312
1702212114491631612
1702212114524996912
1702212114558362212
1702212114591727512
1702212114625092812
1702212114658458112
1702212114691823412
1702212114725188712
1702212114758554012
1702212114791919312
1702212114825284612
1702212114858649912
1702212114892015212
1702212114925380512
1702212114958745812
1702212114992111112
1702212115025476412
1702212115058841712
1702212115092207012
1702212115125572354
1702212115158937720
1702212115192303087
1702212115225668454
1702212115259033820
1702212115292399187
1702212115325764554
1702212115359129920
1702212115392495287
1702212115425860654
1702212115459226020
1702212115492591387
1702212115525956754
1702212115559322120
1702212115592687487
1702212115626052854
1702212115659418220
1702212115692783587
1702212115726148954
1702212115759514320
1702212115792879687
1702212115826245054
1702212115859610420
1702212115892975787
1702212115926341154
1702212115959706520
1702212115993071887
1702212116026437254
1702212116059802620
1702212116093167987
1702212116126533312
1702212116159898612
1702212116193263912
1702212116226629212
1702212116259994512
1702212116293359812
1702212116326725112
1702212116360090412
1702212116393455712
1702212116426821012
1702212116460186312
1702212116493551612
1702212116526916912
1702212116560282212
1702212116593647512
1702212116627012812
1702212116660378112
1702212116693743412
1702212116727108712
1702212116760474012
1702212116793839312
1702212116827204612
1702212116860569912
1702212116893935212
1702212116927300512
1702212116960665812
1702212116994031112
1702212117027396412
1702212117060761712
1702212117094127012
1702212117127492354
1702212117160857720
1702212117194223087
1702212117227588454
1702212117260953820
1702212117294319187
1702212117327684554
1702212117361049920
1702212117394415287
1702212117427780654
1702212117461146020
1702212117494511387
1702212117527876754
1702212117561242120
1702212117594607487
1702212117627972854
1702212117661338220
1702212117694703587
1702212117728068954
1702212117761434320
1702212117794799687
1702212117828165054
1702212117861530420
1702212117894895787
1702212117928261154
1702212117961626520
1702212117994991887
1702212118028357254
1702212118061722620
1702212118095087987
1702212118128453312
1702212118161818612
1702212118195183912
1702212118228549212
1702212118261914512
1702212118295279812
1702212118328645112
1702212118362010412
1702212118395375712
1702212118428741012
1702212118462106312
1702212118495471612
1702212118528836912
1702212118562202212
1702212118595567512
1702212118628932812
1702212118662298112
1702212118695663412
1702212118729028712
1702212118762394012
1702212118795759312
1702212118829124612
1702212118862489912
1702212118895855212
1702212118929220512
1702212118962585812
1702212118995951112
1702212119029316412
1702212119062681712
1702212119096047012
1702212119129412354
1702212119162777720
1702212119196143087
1702212119229508454
1702212119262873820
1702212119296239187
1702212119329604554
1702212119362969920
1702212119396335287
1702212119429700654
1702212119463066020
1702212119496431387
1702212119529796754
1702212119563162120
1702212119596527487
1702212119629892854
1702212119663258220
1702212119696623587
1702212119729988954
1702212119763354320
1702212119796719687
1702212119830085054
1702212119863450420
1702212119896815787
1702212119930181154
1702212119963546520
1702212119996911887
1702212120030277254
1702212120063642620
1702212120097007987
1702212120130373312
1702212120163738612
1702212120197103912
1702212120230469212
1702212120263834512
1702212120297199812
1702212120330565112
1702212120363930412
1702212120397295712
1702212120430661012
1702212120464026312
1702212120497391612
1702212120530756912
1702212120564122212
1702212120597487512
1702212120630852812
1702212120664218112
1702212120697583412
1702212120730948712
1702212120764314012
1702212120797679312
1702212120831044612
1702212120864409912
1702212120897775212
1702212120931140512
1702212120964505812
1702212120997871112
1702212121031236412
1702212121064601712
1702212121097967012
1702212121131332354
1702212121164697720
1702212121198063087
1702212121231428454
1702212121264793820
1702212121298159187
1702212121331524554
1702212121364889920
1702212121398255287
1702212121431620654
1702212121464986020
1702212121498351387
1702212121531716754
1702212121565082120
1702212121598447487
1702212121631812854
1702212121665178220
1702212121698543587
1702212121731908954
1702212121765274320
1702212121798639687
1702212121832005054
1702212121865370420
1702212121898735787
1702212121932101154
1702212121965466520
1702212121998831887
1702212122032197254
1702212122065562620
1702212122098927987
1702212122132293312
1702212122165658612
1702212122199023912
1702212122232389212
1702212122265754512
1702212122299119812
1702212122332485112
1702212122365850412
1702212122399215712
1702212122432581012
1702212122465946312
1702212122499311612
1702212122532676912
1702212122566042212
1702212122599407512
1702212122632772812
1702212122666138112
1702212122699503412
1702212122732868712
1702212122766234012
1702212122799599312
1702212122832964612
1702212122866329912
1702212122899695212
1702212122933060512
1702212122966425812
1702212122999791112
1702212123033156412
1702212123066521712
1702212123099887012
1702212123133252354
1702212123166617720
1702212123199983087
1702212123233348454
1702212123266713820
1702212123300079187
1702212123333444554
1702212123366809920
1702212123400175287
1702212123433540654
1702212123466906020
1702212123500271387
1702212123533636754
1702212123567002120
1702212123600367487
1702212123633732854
1702212123667098220
1702212123700463587
1702212123733828954
1702212123767194320
1702212123800559687
1702212123833925054
1702212123867290420
1702212123900655787
1702212123934021154
1702212123967386520
1702212124000751887
1702212124034117254
1702212124067482620
1702212124100847987
1702212124134213312
1702212124167578612
1702212124200943912
1702212124234309212
1702212124267674512
1702212124301039812
1702212124334405112
1702212124367770412
1702212124401135712
1702212124434501012
1702212124467866312
1702212124501231612
1702212124534596912
1702212124567962212
1702212124601327512
1702212124634692812
1702212124668058112
1702212124701423412
1702212124734788712
1702212124768154012
1702212124801519312
1702212124834884612
1702212124868249912
1702212124901615212
1702212124934980512
1702212124968345812
1702212125001711112
1702212125035076412
1702212125068441712
1702212125101807012
1702212125135172354
1702212125168537720
1702212125201903087
1702212125235268454
1702212125268633820
1702212125301999187
1702212125335364554
1702212125368729920
1702212125402095287
1702212125435460654
1702212125468826020
1702212125502191387
1702212125535556754
1702212125568922120
1702212125602287487
1702212125635652854
1702212125669018220
1702212125702383587
1702212125735748954
1702212125769114320
1702212125802479687
1702212125835845054
1702212125869210420
1702212125902575787
1702212125935941154
1702212125969306520
1702212126002671887
1702212126036037254
1702212126069402620
1702212126102767987
1702212126136133312
1702212126169498612
1702212126202863912
1702212126236229212
1702212126269594512
1702212126302959812
1702212126336325112
1702212126369690412
1702212126403055712
1702212126436421012
1702212126469786312
1702212126503151612
1702212126536516912
1702212126569882212
1702212126603247512
1702212126636612812
1702212126669978112
1702212126703343412
1702212126736708712
1702212126770074012
1702212126803439312
1702212126836804612
1702212126870169912
1702212126903535212
1702212126936900512
1702212126970265812
1702212127003631112
1702212127036996412
1702212127070361712
1702212127103727012
1702212127137092354
1702212127170457720
1702212127203823087
1702212127237188454
1702212127270553820
1702212127303919187
1702212127337284554
1702212127370649920
1702212127404015287
1702212127437380654
1702212127470746020
1702212127504111387
1702212127537476754
1702212127570842120
1702212127604207487
1702212127637572854
1702212127670938220
1702212127704303587
1702212127737668954
1702212127771034320
1702212127804399687
1702212127837765054
1702212127871130420
1702212127904495787
1702212127937861154
1702212127971226520
1702212128004591887
1702212128037957254
1702212128071322620
1702212128104687987
1702212128138053312
1702212128171418612
1702212128204783912
1702212128238149212
1702212128271514512
1702212128304879812
1702212128338245112
1702212128371610412
1702212128404975712
1702212128438341012
1702212128471706312
1702212128505071612
1702212128538436912
1702212128571802212
1702212128605167512
1702212128638532812
1702212128671898112
1702212128705263412
1702212128738628712
1702212128771994012
1702212128805359312
1702212128838724612
1702212128872089912
1702212128905455212
1702212128938820512
1702212128972185812
1702212129005551112
1702212129038916412
1702212129072281712
1702212129105647012
1702212129139012354
1702212129172377720
1702212129205743087
1702212129239108454
1702212129272473820
1702212129305839187
1702212129339204554
1702212129372569920
1702212129405935287
1702212129439300654
1702212129472666020
1702212129506031387
1702212129539396754
1702212129572762120
1702212129606127487
1702212129639492854
1702212129672858220
1702212129706223587
1702212129739588954
1702212129772954320
1702212129806319687
1702212129839685054
1702212129873050420
1702212129906415787
1702212129939781154
1702212129973146520
1702212130006511887
1702212130039877254
1702212130073242620
1702212130106607987
1702212130139973312
1702212130173338612
1702212130206703912
1702212130240069212
1702212130273434512
1702212130306799812
1702212130340165112
1702212130373530412
1702212130406895712
1702212130440261012
1702212130473626312
1702212130506991612
1702212130540356912
1702212130573722212
1702212130607087512
1702212130640452812
1702212130673818112
1702212130707183412
1702212130740548712
1702212130773914012
1702212130807279312
1702212130840644612
1702212130874009912
1702212130907375212
1702212130940740512
1702212130974105812
1702212131007471112
1702212131040836412
1702212131074201712
1702212131107567012
1702212131140932354
1702212131174297720
1702212131207663087
1702212131241028454
1702212131274393820
1702212131307759187
1702212131341124554
1702212131374489920
1702212131407855287
1702212131441220654
1702212131474586020
1702212131507951387
1702212131541316754
1702212131574682120
1702212131608047487
1702212131641412854
1702212131674778220
1702212131708143587
1702212131741508954
1702212131774874320
1702212131808239687
1702212131841605054
1702212131874970420
1702212131908335787
1702212131941701154
1702212131975066520
1702212132008431887
1702212132041797254
1702212132075162620
1702212132108527987
1702212132141893312
1702212132175258612
1702212132208623912
1702212132241989212
1702212132275354512
1702212132308719812
1702212132342085112
1702212132375450412
1702212132408815712
1702212132442181012
1702212132475546312
1702212132508911612
1702212132542276912
1702212132575642212
1702212132609007512
1702212132642372812
1702212132675738112
1702212132709103412
1702212132742468712
1702212132775834012
1702212132809199312
1702212132842564612
1702212132875929912
1702212132909295212
1702212132942660512
1702212132976025812
1702212133009391112
1702212133042756412
1702212133076121712
1702212133109487012
1702212133142852354
1702212133176217720
1702212133209583087
1702212133242948454
1702212133276313820
1702212133309679187
1702212133343044554
1702212133376409920
1702212133409775287
1702212133443140654
1702212133476506020
1702212133509871387
1702212133543236754
1702212133576602120
1702212133609967487
1702212133643332854
1702212133676698220
1702212133710063587
1702212133743428954
1702212133776794320
1702212133810159687
1702212133843525054
1702212133876890420
1702212133910255787
1702212133943621154
1702212133976986520
1702212134010351887
1702212134043717254
1702212134077082620
1702212134110447987
1702212134143813312
1702212134177178612
1702212134210543912
1702212134243909212
1702212134277274512
1702212134310639812
1702212134344005112
1702212134377370412
1702212134410735712
1702212134444101012
1702212134477466312
1702212134510831612
1702212134544196912
1702212134577562212
1702212134610927512
1702212134644292812
1702212134677658112
1702212134711023412
1702212134744388712
1702212134777754012
1702212134811119312
1702212134844484612
1702212134877849912
1702212134911215212
1702212134944580512
1702212134977945812
1702212135011311112
1702212135044676412
1702212135078041712
1702212135111407012
1702212135144772354
1702212135178137720
1702212135211503087
1702212135244868454
1702212135278233820
1702212135311599187
1702212135344964554
1702212135378329920
1702212135411695287
1702212135445060654
1702212135478426020
1702212135511791387
1702212135545156754
1702212135578522120
1702212135611887487
1702212135645252854
1702212135678618220
1702212135711983587
1702212135745348954
1702212135778714320
1702212135812079687
1702212135845445054
1702212135878810420
1702212135912175787
1702212135945541154
1702212135978906520
1702212136012271887
1702212136045637254
1702212136079002620
1702212136112367987
1702212136145733312
1702212136179098612
1702212136212463912
1702212136245829212
1702212136279194512
1702212136312559812
1702212136345925112
1702212136379290412
1702212136412655712
1702212136446021012
1702212136479386312
1702212136512751612
1702212136546116912
1702212136579482212
1702212136612847512
1702212136646212812
1702212136679578112
1702212136712943412
1702212136746308712
1702212136779674012
1702212136813039312
1702212136846404612
1702212136879769912
1702212136913135212
1702212136946500512
1702212136979865812
1702212137013231112
1702212137046596412
1702212137079961712
1702212137113327012
1702212137146692354
1702212137180057720
1702212137213423087
1702212137246788454
1702212137280153820
1702212137313519187
1702212137346884554
1702212137380249920
1702212137413615287
1702212137446980654
1702212137480346020
1702212137513711387
1702212137547076754
1702212137580442120
1702212137613807487
1702212137647172854
1702212137680538220
1702212137713903587
1702212137747268954
1702212137780634320
1702212137813999687
1702212137847365054
1702212137880730420
1702212137914095787
1702212137947461154
1702212137980826520
1702212138014191887
1702212138047557254
1702212138080922620
1702212138114287987
1702212138147653312
1702212138181018612
1702212138214383912
1702212138247749212
1702212138281114512
1702212138314479812
1702212138347845112
1702212138381210412
1702212138414575712
1702212138447941012
1702212138481306312
1702212138514671612
1702212138548036912
1702212138581402212
1702212138614767512
1702212138648132812
1702212138681498112
1702212138714863412
1702212138748228712
1702212138781594012
1702212138814959312
1702212138848324612
1702212138881689912
1702212138915055212
1702212138948420512
1702212138981785812
1702212139015151112
1702212139048516412
1702212139081881712
1702212139115247012
1702212139148612354
1702212139181977720
1702212139215343087
1702212139248708454
1702212139282073820
1702212139315439187
1702212139348804554
1702212139382169920
1702212139415535287
1702212139448900654
1702212139482266020
1702212139515631387
1702212139548996754
1702212139582362120
1702212139615727487
1702212139649092854
1702212139682458220
1702212139715823587
1702212139749188954
1702212139782554320
1702212139815919687
1702212139849285054
1702212139882650420
1702212139916015787
1702212139949381154
1702212139982746520
1702212140016111887
1702212140049477254
1702212140082842620
1702212140116207987
1702212140149573312
1702212140182938612
1702212140216303912
1702212140249669212
1702212140283034512
1702212140316399812
1702212140349765112
1702212140383130412
1702212140416495712
1702212140449861012
1702212140483226312
1702212140516591612
1702212140549956912
1702212140583322212
1702212140616687512
1702212140650052812
1702212140683418112
1702212140716783412
1702212140750148712
1702212140783514012
1702212140816879312
1702212140850244612
1702212140883609912
1702212140916975212
1702212140950340512
1702212140983705812
1702212141017071112
1702212141050436412
1702212141083801712
1702212141117167012
1702212141150532354
1702212141183897720
1702212141217263087
1702212141250628454
1702212141283993820
1702212141317359187
1702212141350724554
1702212141384089920
1702212141417455287
1702212141450820654
1702212141484186020
1702212141517551387
1702212141550916754
1702212141584282120
1702212141617647487
1702212141651012854
1702212141684378220
1702212141717743587
1702212141751108954
1702212141784474320
1702212141817839687
1702212141851205054
1702212141884570420
1702212141917935787
1702212141951301154
1702212141984666520
1702212142018031887
1702212142051397254
1702212142084762620
1702212142118127987
1702212142151493312
1702212142184858612
1702212142218223912
1702212142251589212
1702212142284954512
1702212142318319812
1702212142351685112
1702212142385050412
1702212142418415712
1702212142451781012
1702212142485146312
1702212142518511612
1702212142551876912
1702212142585242212
1702212142618607512
1702212142651972812
1702212142685338112
1702212142718703412
1702212142752068712
1702212142785434012
1702212142818799312
1702212142852164612
1702212142885529912
1702212142918895212
1702212142952260512
1702212142985625812
1702212143018991112
1702212143052356412
1702212143085721712
1702212143119087012
1702212143152452354
1702212143185817720
1702212143219183087
1702212143252548454
1702212143285913820
1702212143319279187
1702212143352644554
1702212143386009920
1702212143419375287
1702212143452740654
1702212143486106020
1702212143519471387
1702212143552836754
1702212143586202120
1702212143619567487
1702212143652932854
1702212143686298220
1702212143719663587
1702212143753028954
1702212143786394320
1702212143819759687
1702212143853125054
1702212143886490420
1702212143919855787
1702212143953221154
1702212143986586520
1702212144019951887
1702212144053317254
1702212144086682620
1702212144120047987
1702212144153413312
1702212144186778612
1702212144220143912
1702212144253509212
1702212144286874512
1702212144320239812
1702212144353605112
1702212144386970412
1702212144420335712
1702212144453701012
1702212144487066312
1702212144520431612
1702212144553796912
1702212144587162212
1702212144620527512
1702212144653892812
1702212144687258112
1702212144720623412
1702212144753988712
1702212144787354012
1702212144820719312
1702212144854084612
1702212144887449912
1702212144920815212
1702212144954180512
1702212144987545812
1702212145020911112
1702212145054276412
1702212145087641712
1702212145121007012
1702212145154372354
1702212145187737720
1702212145221103087
1702212145254468454
1702212145287833820
1702212145321199187
1702212145354564554
1702212145387929920
1702212145421295287
1702212145454660654
1702212145488026020
1702212145521391387
1702212145554756754
1702212145588122120
1702212145621487487
1702212145654852854
1702212145688218220
1702212145721583587
1702212145754948954
1702212145788314320
1702212145821679687
1702212145855045054
1702212145888410420
1702212145921775787
1702212145955141154
1702212145988506520
1702212146021871887
1702212146055237254
1702212146088602620
1702212146121967987
1702212146155333312
1702212146188698612
1702212146222063912
1702212146255429212
1702212146288794512
1702212146322159812
1702212146355525112
1702212146388890412
1702212146422255712
1702212146455621012
1702212146488986312
1702212146522351612
1702212146555716912
1702212146589082212
1702212146622447512
1702212146655812812
1702212146689178112
1702212146722543412
1702212146755908712
1702212146789274012
1702212146822639312
1702212146856004612
1702212146889369912
1702212146922735212
1702212146956100512
1702212146989465812
1702212147022831112
1702212147056196412
1702212147089561712
1702212147122927012
1702212147156292354
1702212147189657720
1702212147223023087
1702212147256388454
1702212147289753820
1702212147323119187
1702212147356484554
1702212147389849920
1702212147423215287
1702212147456580654
1702212147489946020
1702212147523311387
1702212147556676754
1702212147590042120
1702212147623407487
1702212147656772854
1702212147690138220
1702212147723503587
1702212147756868954
1702212147790234320
1702212147823599687
1702212147856965054
1702212147890330420
1702212147923695787
1702212147957061154
1702212147990426520
1702212148023791887
1702212148057157254
1702212148090522620
1702212148123887987
1702212148157253312
1702212148190618612
1702212148223983912
1702212148257349212
1702212148290714512
1702212148324079812
1702212148357445112
1702212148390810412
1702212148424175712
1702212148457541012
1702212148490906312
1702212148524271612
1702212148557636912
1702212148591002212
1702212148624367512
1702212148657732812
1702212148691098112
1702212148724463412
1702212148757828712
1702212148791194012
1702212148824559312
1702212148857924612
1702212148891289912
1702212148924655212
1702212148958020512
1702212148991385812
1702212149024751112
1702212149058116412
1702212149091481712
1702212149124847012
1702212149158212354
1702212149191577720
1702212149224943087
1702212149258308454
1702212149291673820
1702212149325039187
1702212149358404554
1702212149391769920
1702212149425135287
1702212149458500654
1702212149491866020
1702212149525231387
1702212149558596754
1702212149591962120
1702212149625327487
1702212149658692854
1702212149692058220
1702212149725423587
1702212149758788954
1702212149792154320
1702212149825519687
1702212149858885054
1702212149892250420
1702212149925615787
1702212149958981154
1702212149992346520
1702212150025711887
1702212150059077254
1702212150092442620
1702212150125807987
1702212150159173312
1702212150192538612
1702212150225903912
1702212150259269212
1702212150292634512
1702212150325999812
1702212150359365112
1702212150392730412
1702212150426095712
1702212150459461012
1702212150492826312
1702212150526191612
1702212150559556912
1702212150592922212
1702212150626287512
1702212150659652812
1702212150693018112
1702212150726383412
1702212150759748712
1702212150793114012
1702212150826479312
1702212150859844612
1702212150893209912
1702212150926575212
1702212150959940512
1702212150993305812
1702212151026671112
1702212151060036412
1702212151093401712
1702212151126767012
1702212151160132354
1702212151193497720
1702212151226863087
1702212151260228454
1702212151293593820
1702212151326959187
1702212151360324554
1702212151393689920
1702212151427055287
1702212151460420654
1702212151493786020
1702212151527151387
1702212151560516754
1702212151593882120
1702212151627247487
1702212151660612854
1702212151693978220
1702212151727343587
1702212151760708954
1702212151794074320
1702212151827439687
1702212151860805054
1702212151894170420
1702212151927535787
1702212151960901154
1702212151994266520
1702212152027631887
1702212152060997254
1702212152094362620
1702212152127727987
1702212152161093312
1702212152194458612
1702212152227823912
1702212152261189212
1702212152294554512
1702212152327919812
1702212152361285112
1702212152394650412
1702212152428015712
1702212152461381012
1702212152494746312
1702212152528111612
1702212152561476912
1702212152594842212
1702212152628207512
1702212152661572812
1702212152694938112
1702212152728303412
1702212152761668712
1702212152795034012
1702212152828399312
1702212152861764612
1702212152895129912
1702212152928495212
1702212152961860512
1702212152995225812
1702212153028591112
1702212153061956412
1702212153095321712
1702212153128687012
1702212153162052354
1702212153195417720
1702212153228783087
1702212153262148454
1702212153295513820
1702212153328879187
1702212153362244554
1702212153395609920
1702212153428975287
1702212153462340654
1702212153495706020
1702212153529071387
1702212153562436754
1702212153595802120
1702212153629167487
1702212153662532854
1702212153695898220
1702212153729263587
1702212153762628954
1702212153795994320
1702212153829359687
1702212153862725054
1702212153896090420
1702212153929455787
1702212153962821154
1702212153996186520
1702212154029551887
1702212154062917254
1702212154096282620
1702212154129647987
1702212154163013312
1702212154196378612
1702212154229743912
1702212154263109212
1702212154296474512
1702212154329839812
1702212154363205112
1702212154396570412
1702212154429935712
1702212154463301012
1702212154496666312
1702212154530031612
1702212154563396912
1702212154596762212
1702212154630127512
1702212154663492812
1702212154696858112
1702212154730223412
1702212154763588712
1702212154796954012
1702212154830319312
1702212154863684612
1702212154897049912
1702212154930415212
1702212154963780512
1702212154997145812
1702212155030511112
1702212155063876412
1702212155097241712
1702212155130607012
1702212155163972354
1702212155197337720
1702212155230703087
1702212155264068454
1702212155297433820
1702212155330799187
1702212155364164554
1702212155397529920
1702212155430895287
1702212155464260654
1702212155497626020
1702212155530991387
1702212155564356754
1702212155597722120
1702212155631087487
1702212155664452854
1702212155697818220
1702212155731183587
1702212155764548954
1702212155797914320
1702212155831279687
1702212155864645054
1702212155898010420
1702212155931375787
1702212155964741154
1702212155998106520
1702212156031471887
1702212156064837254
1702212156098202620
1702212156131567987
1702212156164933312
1702212156198298612
1702212156231663912
1702212156265029212
1702212156298394512
1702212156331759812
1702212156365125112
1702212156398490412
1702212156431855712
1702212156465221012
1702212156498586312
1702212156531951612
1702212156565316912
1702212156598682212
1702212156632047512
1702212156665412812
1702212156698778112
1702212156732143412
1702212156765508712
1702212156798874012
1702212156832239312
1702212156865604612
1702212156898969912
1702212156932335212
1702212156965700512
1702212156999065812
1702212157032431112
1702212157065796412
1702212157099161712
1702212157132527012
1702212157165892354
1702212157199257720
1702212157232623087
1702212157265988454
1702212157299353820
1702212157332719187
1702212157366084554
1702212157399449920
1702212157432815287
1702212157466180654
1702212157499546020
1702212157532911387
1702212157566276754
1702212157599642120
1702212157633007487
1702212157666372854
1702212157699738220
1702212157733103587
1702212157766468954
1702212157799834320
1702212157833199687
1702212157866565054
1702212157899930420
1702212157933295787
1702212157966661154
1702212158000026520
1702212158033391887
1702212158066757254
1702212158100122620
1702212158133487987
1702212158166853312
1702212158200218612
1702212158233583912
1702212158266949212
1702212158300314512
1702212158333679812
1702212158367045112
1702212158400410412
1702212158433775712
1702212158467141012
1702212158500506312
1702212158533871612
1702212158567236912
1702212158600602212
1702212158633967512
1702212158667332812
1702212158700698112
1702212158734063412
1702212158767428712
1702212158800794012
1702212158834159312
1702212158867524612
1702212158900889912
1702212158934255212
1702212158967620512
1702212159000985812
1702212159034351112
1702212159067716412
1702212159101081712
1702212159134447012
1702212159167812354
1702212159201177720
1702212159234543087
1702212159267908454
1702212159301273820
1702212159334639187
1702212159368004554
1702212159401369920
1702212159434735287
1702212159468100654
1702212159501466020
1702212159534831387
1702212159568196754
1702212159601562120
1702212159634927487
1702212159668292854
1702212159701658220
1702212159735023587
1702212159768388954
1702212159801754320
1702212159835119687
1702212159868485054
1702212159901850420
1702212159935215787
1702212159968581154
1702212160001946520
1702212160035311887
1702212160068677254
1702212160102042620
1702212160135407987
1702212160168773312
1702212160202138612
1702212160235503912
1702212160268869212
1702212160302234512
1702212160335599812
1702212160368965112
1702212160402330412
1702212160435695712
1702212160469061012
1702212160502426312
1702212160535791612
1702212160569156912
1702212160602522212
1702212160635887512
1702212160669252812
1702212160702618112
1702212160735983412
1702212160769348712
1702212160802714012
1702212160836079312
1702212160869444612
1702212160902809912
1702212160936175212
1702212160969540512
1702212161002905812
1702212161036271112
1702212161069636412
1702212161103001712
1702212161136367012
1702212161169732354
1702212161203097720
1702212161236463087
1702212161269828454
1702212161303193820
1702212161336559187
1702212161369924554
1702212161403289920
1702212161436655287
1702212161470020654
1702212161503386020
1702212161536751387
1702212161570116754
1702212161603482120
1702212161636847487
1702212161670212854
1702212161703578220
1702212161736943587
1702212161770308954
1702212161803674320
1702212161837039687
1702212161870405054
1702212161903770420
1702212161937135787
1702212161970501154
1702212162003866520
1702212162037231887
1702212162070597254
1702212162103962620
1702212162137327987
1702212162170693312
1702212162204058612
1702212162237423912
1702212162270789212
1702212162304154512
1702212162337519812
1702212162370885112
1702212162404250412
1702212162437615712
1702212162470981012
1702212162504346312
1702212162537711612
1702212162571076912
1702212162604442212
1702212162637807512
1702212162671172812
1702212162704538112
1702212162737903412
1702212162771268712
1702212162804634012
1702212162837999312
1702212162871364612
1702212162904729912
1702212162938095212
1702212162971460512
1702212163004825812
1702212163038191112
1702212163071556412
1702212163104921712
1702212163138287012
1702212163171652354
1702212163205017720
1702212163238383087
1702212163271748454
1702212163305113820
1702212163338479187
1702212163371844554
1702212163405209920
1702212163438575287
1702212163471940654
1702212163505306020
1702212163538671387
1702212163572036754
1702212163605402120
1702212163638767487
1702212163672132854
1702212163705498220
1702212163738863587
1702212163772228954
1702212163805594320
1702212163838959687
1702212163872325054
1702212163905690420
1702212163939055787
1702212163972421154
1702212164005786520
1702212164039151887
1702212164072517254
1702212164105882620
1702212164139247987
1702212164172613312
1702212164205978612
1702212164239343912
1702212164272709212
1702212164306074512
1702212164339439812
1702212164372805112
1702212164406170412
1702212164439535712
1702212164472901012
1702212164506266312
1702212164539631612
1702212164572996912
1702212164606362212
1702212164639727512
1702212164673092812
1702212164706458112
1702212164739823412
1702212164773188712
1702212164806554012
1702212164839919312
1702212164873284612
1702212164906649912
1702212164940015212
1702212164973380512
1702212165006745812
1702212165040111112
1702212165073476412
1702212165106841712
1702212165140207012
1702212165173572354
1702212165206937720
1702212165240303087
1702212165273668454
1702212165307033820
1702212165340399187
1702212165373764554
1702212165407129920
1702212165440495287
1702212165473860654
1702212165507226020
1702212165540591387
1702212165573956754
1702212165607322120
1702212165640687487
1702212165674052854
1702212165707418220
1702212165740783587
1702212165774148954
1702212165807514320
1702212165840879687
1702212165874245054
1702212165907610420
1702212165940975787
1702212165974341154
1702212166007706520
1702212166041071887
1702212166074437254
1702212166107802620
1702212166141167987
1702212166174533312
1702212166207898612
1702212166241263912
1702212166274629212
1702212166307994512
1702212166341359812
1702212166374725112
1702212166408090412
1702212166441455712
1702212166474821012
1702212166508186312
1702212166541551612
1702212166574916912
1702212166608282212
1702212166641647512
1702212166675012812
1702212166708378112
1702212166741743412
1702212166775108712
1702212166808474012
1702212166841839312
1702212166875204612
1702212166908569912
1702212166941935212
1702212166975300512
1702212167008665812
1702212167042031112
1702212167075396412
1702212167108761712
1702212167142127012
1702212167175492354
1702212167208857720
1702212167242223087
1702212167275588454
1702212167308953820
1702212167342319187
1702212167375684554
1702212167409049920
1702212167442415287
1702212167475780654
1702212167509146020
1702212167542511387
1702212167575876754
1702212167609242120
1702212167642607487
1702212167675972854
1702212167709338220
1702212167742703587
1702212167776068954
1702212167809434320
1702212167842799687
1702212167876165054
1702212167909530420
1702212167942895787
1702212167976261154
1702212168009626520
1702212168042991887
1702212168076357254
1702212168109722620
1702212168143087987
1702212168176453312
1702212168209818612
1702212168243183912
1702212168276549212
1702212168309914512
1702212168343279812
1702212168376645112
1702212168410010412
1702212168443375712
1702212168476741012
1702212168510106312
1702212168543471612
1702212168576836912
1702212168610202212
1702212168643567512
1702212168676932812
1702212168710298112
1702212168743663412
1702212168777028712
1702212168810394012
1702212168843759312
1702212168877124612
1702212168910489912
1702212168943855212
1702212168977220512
1702212169010585812
1702212169043951112
1702212169077316412
1702212169110681712
1702212169144047012
1702212169177412354
1702212169210777720
1702212169244143087
1702212169277508454
1702212169310873820
1702212169344239187
1702212169377604554
1702212169410969920
1702212169444335287
1702212169477700654
1702212169511066020
1702212169544431387
1702212169577796754
1702212169611162120
1702212169644527487
1702212169677892854
1702212169711258220
1702212169744623587
1702212169777988954
1702212169811354320
1702212169844719687
1702212169878085054
1702212169911450420
1702212169944815787
1702212169978181154
1702212170011546520
1702212170044911887
1702212170078277254
1702212170111642620
1702212170145007987
1702212170178373312
1702212170211738612
1702212170245103912
1702212170278469212
1702212170311834512
1702212170345199812
1702212170378565112
1702212170411930412
1702212170445295712
1702212170478661012
1702212170512026312
1702212170545391612
1702212170578756912
1702212170612122212
1702212170645487512
1702212170678852812
1702212170712218112
1702212170745583412
1702212170778948712
1702212170812314012
1702212170845679312
1702212170879044612
1702212170912409912
1702212170945775212
1702212170979140512
1702212171012505812
1702212171045871112
1702212171079236412
1702212171112601712
1702212171145967012
1702212171179332354
1702212171212697720
1702212171246063087
1702212171279428454
1702212171312793820
1702212171346159187
1702212171379524554
1702212171412889920
1702212171446255287
1702212171479620654
1702212171512986020
1702212171546351387
1702212171579716754
1702212171613082120
1702212171646447487
1702212171679812854
1702212171713178220
1702212171746543587
1702212171779908954
1702212171813274320
1702212171846639687
1702212171880005054
1702212171913370420
1702212171946735787
1702212171980101154
1702212172013466520
1702212172046831887
1702212172080197254
1702212172113562620
1702212172146927987
1702212172180293312
1702212172213658612
1702212172247023912
1702212172280389212
1702212172313754512
1702212172347119812
1702212172380485112
1702212172413850412
1702212172447215712
1702212172480581012
1702212172513946312
1702212172547311612
1702212172580676912
1702212172614042212
1702212172647407512
1702212172680772812
1702212172714138112
1702212172747503412
1702212172780868712
1702212172814234012
1702212172847599312
1702212172880964612
1702212172914329912
1702212172947695212
1702212172981060512
1702212173014425812
1702212173047791112
1702212173081156412
1702212173114521712
1702212173147887012
1702212173181252354
1702212173214617720
1702212173247983087
1702212173281348454
1702212173314713820
1702212173348079187
1702212173381444554
1702212173414809920
1702212173448175287
1702212173481540654
1702212173514906020
1702212173548271387
1702212173581636754
1702212173615002120
1702212173648367487
1702212173681732854
1702212173715098220
1702212173748463587
1702212173781828954
1702212173815194320
1702212173848559687
1702212173881925054
1702212173915290420
1702212173948655787
1702212173982021154
1702212174015386520
1702212174048751887
1702212174082117254
1702212174115482620
1702212174148847987
1702212174182213312
1702212174215578612
1702212174248943912
1702212174282309212
1702212174315674512
1702212174349039812
1702212174382405112
1702212174415770412
1702212174449135712
1702212174482501012
1702212174515866312
1702212174549231612
1702212174582596912
1702212174615962212
1702212174649327512
1702212174682692812
1702212174716058112
1702212174749423412
1702212174782788712
1702212174816154012
1702212174849519312
1702212174882884612
1702212174916249912
1702212174949615212
1702212174982980512
1702212175016345812
1702212175049711112
1702212175083076412
1702212175116441712
1702212175149807012
1702212175183172354
1702212175216537720
1702212175249903087
1702212175283268454
1702212175316633820
1702212175349999187
1702212175383364554
1702212175416729920
1702212175450095287
1702212175483460654
1702212175516826020
1702212175550191387
1702212175583556754
1702212175616922120
1702212175650287487
1702212175683652854
1702212175717018220
1702212175750383587
1702212175783748954
1702212175817114320
1702212175850479687
1702212175883845054
1702212175917210420
1702212175950575787
1702212175983941154
1702212176017306520
1702212176050671887
1702212176084037254
1702212176117402620
1702212176150767987
1702212176184133312
1702212176217498612
1702212176250863912
1702212176284229212
1702212176317594512
1702212176350959812
1702212176384325112
1702212176417690412
1702212176451055712
1702212176484421012
1702212176517786312
1702212176551151612
1702212176584516912
1702212176617882212
1702212176651247512
1702212176684612812
1702212176717978112
1702212176751343412
1702212176784708712
1702212176818074012
1702212176851439312
1702212176884804612
1702212176918169912
1702212176951535212
1702212176984900512
1702212177018265812
1702212177051631112
1702212177084996412
1702212177118361712
1702212177151727012
1702212177185092354
1702212177218457720
1702212177251823087
1702212177285188454
1702212177318553820
1702212177351919187
1702212177385284554
1702212177418649920
1702212177452015287
1702212177485380654
1702212177518746020
1702212177552111387
1702212177585476754
1702212177618842120
1702212177652207487
1702212177685572854
1702212177718938220
1702212177752303587
1702212177785668954
1702212177819034320
1702212177852399687
1702212177885765054
1702212177919130420
1702212177952495787
1702212177985861154
1702212178019226520
1702212178052591887
1702212178085957254
1702212178119322620
1702212178152687987
1702212178186053312
1702212178219418612
1702212178252783912
1702212178286149212
1702212178319514512
1702212178352879812
1702212178386245112
1702212178419610412
1702212178452975712
1702212178486341012
1702212178519706312
1702212178553071612
1702212178586436912
1702212178619802212
1702212178653167512
1702212178686532812
1702212178719898112
1702212178753263412
1702212178786628712
1702212178819994012
1702212178853359312
1702212178886724612
1702212178920089912
1702212178953455212
1702212178986820512
1702212179020185812
1702212179053551112
1702212179086916412
1702212179120281712
1702212179153647012
1702212179187012354
1702212179220377720
1702212179253743087
1702212179287108454
1702212179320473820
1702212179353839187
1702212179387204554
1702212179420569920
1702212179453935287
1702212179487300654
1702212179520666020
1702212179554031387
1702212179587396754
1702212179620762120
1702212179654127487
1702212179687492854
1702212179720858220
1702212179754223587
1702212179787588954
1702212179820954320
1702212179854319687
1702212179887685054
1702212179921050420
1702212179954415787
1702212179987781154
1702212180021146520
1702212180054511887
1702212180087877254
1702212180121242620
1702212180154607987
1702212180187973312
1702212180221338612
1702212180254703912
1702212180288069212
1702212180321434512
1702212180354799812
1702212180388165112
1702212180421530412
1702212180454895712
1702212180488261012
1702212180521626312
1702212180554991612
1702212180588356912
1702212180621722212
1702212180655087512
1702212180688452812
1702212180721818112
1702212180755183412
1702212180788548712
1702212180821914012
1702212180855279312
1702212180888644612
1702212180922009912
1702212180955375212
1702212180988740512
1702212181022105812
1702212181055471112
1702212181088836412
1702212181122201712
1702212181155567012
1702212181188932354
1702212181222297720
1702212181255663087
1702212181289028454
1702212181322393820
1702212181355759187
1702212181389124554
1702212181422489920
1702212181455855287
1702212181489220654
1702212181522586020
1702212181555951387
1702212181589316754
1702212181622682120
1702212181656047487
1702212181689412854
1702212181722778220
1702212181756143587
1702212181789508954
1702212181822874320
1702212181856239687
1702212181889605054
1702212181922970420
1702212181956335787
1702212181989701154
1702212182023066520
1702212182056431887
1702212182089797254
1702212182123162620
1702212182156527987
1702212182189893312
1702212182223258612
1702212182256623912
1702212182289989212
1702212182323354512
1702212182356719812
1702212182390085112
1702212182423450412
1702212182456815712
1702212182490181012
1702212182523546312
1702212182556911612
1702212182590276912
1702212182623642212
1702212182657007512
1702212182690372812
1702212182723738112
1702212182757103412
1702212182790468712
1702212182823834012
1702212182857199312
1702212182890564612
1702212182923929912
1702212182957295212
1702212182990660512
1702212183024025812
1702212183057391112
1702212183090756412
1702212183124121712
1702212183157487012
1702212183190852354
1702212183224217720
1702212183257583087
1702212183290948454
1702212183324313820
1702212183357679187
1702212183391044554
1702212183424409920
1702212183457775287
1702212183491140654
1702212183524506020
1702212183557871387
1702212183591236754
1702212183624602120
1702212183657967487
1702212183691332854
1702212183724698220
1702212183758063587
1702212183791428954
1702212183824794320
1702212183858159687
1702212183891525054
1702212183924890420
1702212183958255787
1702212183991621154
1702212184024986520
1702212184058351887
1702212184091717254
1702212184125082620
1702212184158447987
1702212184191813312
1702212184225178612
1702212184258543912
1702212184291909212
1702212184325274512
1702212184358639812
1702212184392005112
1702212184425370412
1702212184458735712
1702212184492101012
1702212184525466312
1702212184558831612
1702212184592196912
1702212184625562212
1702212184658927512
1702212184692292812
1702212184725658112
1702212184759023412
1702212184792388712
1702212184825754012
1702212184859119312
1702212184892484612
1702212184925849912
1702212184959215212
1702212184992580512
1702212185025945812
1702212185059311112
1702212185092676412
1702212185126041712
1702212185159407012
1702212185192772354
1702212185226137720
1702212185259503087
1702212185292868454
1702212185326233820
1702212185359599187
1702212185392964554
1702212185426329920
1702212185459695287
1702212185493060654
1702212185526426020
1702212185559791387
1702212185593156754
1702212185626522120
1702212185659887487
1702212185693252854
1702212185726618220
1702212185759983587
1702212185793348954
1702212185826714320
1702212185860079687
1702212185893445054
1702212185926810420
1702212185960175787
1702212185993541154
1702212186026906520
1702212186060271887
1702212186093637254
1702212186127002620
1702212186160367987
1702212186193733312
1702212186227098612
1702212186260463912
1702212186293829212
1702212186327194512
1702212186360559812
1702212186393925112
1702212186427290412
1702212186460655712
1702212186494021012
1702212186527386312
1702212186560751612
1702212186594116912
1702212186627482212
1702212186660847512
1702212186694212812
1702212186727578112
1702212186760943412
1702212186794308712
1702212186827674012
1702212186861039312
1702212186894404612
1702212186927769912
1702212186961135212
1702212186994500512
1702212187027865812
1702212187061231112
1702212187094596412
1702212187127961712
1702212187161327012
1702212187194692354
1702212187228057720
1702212187261423087
1702212187294788454
1702212187328153820
1702212187361519187
1702212187394884554
1702212187428249920
1702212187461615287
1702212187494980654
1702212187528346020
1702212187561711387
1702212187595076754
1702212187628442120
1702212187661807487
1702212187695172854
1702212187728538220
1702212187761903587
1702212187795268954
1702212187828634320
1702212187861999687
1702212187895365054
1702212187928730420
1702212187962095787
1702212187995461154
1702212188028826520
1702212188062191887
1702212188095557254
1702212188128922620
1702212188162287987
1702212188195653312
1702212188229018612
1702212188262383912
1702212188295749212
1702212188329114512
1702212188362479812
1702212188395845112
1702212188429210412
1702212188462575712
1702212188495941012
1702212188529306312
1702212188562671612
1702212188596036912
1702212188629402212
1702212188662767512
1702212188696132812
1702212188729498112
1702212188762863412
1702212188796228712
1702212188829594012
1702212188862959312
1702212188896324612
1702212188929689912
1702212188963055212
1702212188996420512
1702212189029785812
1702212189063151112
1702212189096516412
1702212189129881712
1702212189163247012
1702212189196612354
1702212189229977720
1702212189263343087
1702212189296708454
1702212189330073820
1702212189363439187
1702212189396804554
1702212189430169920
1702212189463535287
1702212189496900654
1702212189530266020
1702212189563631387
1702212189596996754
1702212189630362120
1702212189663727487
1702212189697092854
1702212189730458220
1702212189763823587
1702212189797188954
1702212189830554320
1702212189863919687
1702212189897285054
1702212189930650420
1702212189964015787
1702212189997381154
1702212190030746520
1702212190064111887
1702212190097477254
1702212190130842620
1702212190164207987
1702212190197573312
1702212190230938612
1702212190264303912
1702212190297669212
1702212190331034512
1702212190364399812
1702212190397765112
1702212190431130412
1702212190464495712
1702212190497861012
1702212190531226312
1702212190564591612
1702212190597956912
1702212190631322212
1702212190664687512
1702212190698052812
1702212190731418112
1702212190764783412
1702212190798148712
1702212190831514012
1702212190864879312
1702212190898244612
1702212190931609912
1702212190964975212
1702212190998340512
1702212191031705812
