1702212046038480658
1702212046071845925
1702212046105211191
1702212046138576458
1702212046171941725
1702212046205306991
1702212046238672258
1702212046272037525
1702212046305402791
1702212046338768058
1702212046372133325
1702212046405498591
1702212046438863858
1702212046472229125
1702212046505594391
1702212046538959658
1702212046572324925
1702212046605690191
1702212046639055458
1702212046672420725
1702212046705785991
1702212046739151258
1702212046772516525
1702212046805881791
1702212046839247058
1702212046872612325
1702212046905977591
1702212046939342858
1702212046972708125
1702212047006073391
1702212047039438670
1702212047072804037
1702212047106169404
1702212047139534770
1702212047172900137
1702212047206265504
1702212047239630870
1702212047272996237
1702212047306361604
1702212047339726970
1702212047373092337
1702212047406457704
1702212047439823070
1702212047473188437
1702212047506553804
1702212047539919170
1702212047573284537
1702212047606649904
1702212047640015270
1702212047673380637
1702212047706746004
1702212047740111370
1702212047773476737
1702212047806842104
1702212047840207470
1702212047873572837
1702212047906938204
1702212047940303570
1702212047973668937
1702212048007034304
1702212048040399670
1702212048073765037
1702212048107130404
1702212048140495770
1702212048173861137
1702212048207226504
1702212048240591870
1702212048273957237
1702212048307322604
1702212048340687970
1702212048374053337
1702212048407418704
1702212048440784070
1702212048474149437
1702212048507514804
1702212048540880170
1702212048574245537
1702212048607610904
1702212048640976270
1702212048674341637
1702212048707707004
1702212048741072370
1702212048774437737
1702212048807803104
1702212048841168470
1702212048874533837
1702212048907899204
1702212048941264570
1702212048974629937
1702212049007995304
1702212049041360662
1702212049074725962
1702212049108091262
1702212049141456562
1702212049174821862
1702212049208187162
1702212049241552462
1702212049274917762
1702212049308283062
1702212049341648362
1702212049375013662
1702212049408378962
1702212049441744262
1702212049475109562
1702212049508474862
1702212049541840162
1702212049575205462
1702212049608570762
1702212049641936062
1702212049675301362
1702212049708666662
1702212049742031962
1702212049775397262
1702212049808762562
1702212049842127862
1702212049875493162
1702212049908858462
1702212049942223762
1702212049975589062
1702212050008954362
1702212050042319670
1702212050075685037
1702212050109050404
1702212050142415770
1702212050175781137
1702212050209146504
1702212050242511870
1702212050275877237
1702212050309242604
1702212050342607970
1702212050375973337
1702212050409338704
1702212050442704070
1702212050476069437
1702212050509434804
1702212050542800170
1702212050576165537
1702212050609530904
1702212050642896270
1702212050676261637
1702212050709627004
1702212050742992370
1702212050776357737
1702212050809723104
1702212050843088470
1702212050876453837
1702212050909819204
1702212050943184570
1702212050976549937
1702212051009915304
1702212051043280662
1702212051076645962
1702212051110011262
1702212051143376562
1702212051176741862
1702212051210107162
1702212051243472462
1702212051276837762
1702212051310203062
1702212051343568362
1702212051376933662
1702212051410298962
1702212051443664262
1702212051477029562
1702212051510394862
1702212051543760162
1702212051577125462
1702212051610490762
1702212051643856062
1702212051677221362
1702212051710586662
1702212051743951962
1702212051777317262
1702212051810682562
1702212051844047862
1702212051877413162
1702212051910778462
1702212051944143762
1702212051977509062
1702212052010874362
1702212052044239670
1702212052077605037
1702212052110970404
1702212052144335770
1702212052177701137
1702212052211066504
1702212052244431870
1702212052277797237
1702212052311162604
1702212052344527970
1702212052377893337
1702212052411258704
1702212052444624070
1702212052477989437
1702212052511354804
1702212052544720170
1702212052578085537
1702212052611450904
1702212052644816270
1702212052678181637
1702212052711547004
1702212052744912370
1702212052778277737
1702212052811643104
1702212052845008470
1702212052878373837
1702212052911739204
1702212052945104570
1702212052978469937
1702212053011835304
1702212053045200662
1702212053078565962
1702212053111931262
1702212053145296562
1702212053178661862
1702212053212027162
1702212053245392462
1702212053278757762
1702212053312123062
1702212053345488362
1702212053378853662
1702212053412218962
1702212053445584262
1702212053478949562
1702212053512314862
1702212053545680162
1702212053579045462
1702212053612410762
1702212053645776062
1702212053679141362
1702212053712506662
1702212053745871962
1702212053779237262
1702212053812602562
1702212053845967862
1702212053879333162
1702212053912698462
1702212053946063762
1702212053979429062
1702212054012794362
1702212054046159670
1702212054079525037
1702212054112890404
1702212054146255770
1702212054179621137
1702212054212986504
1702212054246351870
1702212054279717237
1702212054313082604
1702212054346447970
1702212054379813337
1702212054413178704
1702212054446544070
1702212054479909437
1702212054513274804
1702212054546640170
1702212054580005537
1702212054613370904
1702212054646736270
1702212054680101637
1702212054713467004
1702212054746832370
1702212054780197737
1702212054813563104
1702212054846928470
1702212054880293837
1702212054913659204
1702212054947024570
1702212054980389937
1702212055013755304
1702212055047120662
1702212055080485962
1702212055113851262
1702212055147216562
1702212055180581862
1702212055213947162
1702212055247312462
1702212055280677762
1702212055314043062
1702212055347408362
1702212055380773662
1702212055414138962
1702212055447504262
1702212055480869562
1702212055514234862
1702212055547600162
1702212055580965462
1702212055614330762
1702212055647696062
1702212055681061362
1702212055714426662
1702212055747791962
1702212055781157262
1702212055814522562
1702212055847887862
1702212055881253162
1702212055914618462
1702212055947983762
1702212055981349062
1702212056014714362
1702212056048079670
1702212056081445037
1702212056114810404
1702212056148175770
1702212056181541137
1702212056214906504
1702212056248271870
1702212056281637237
1702212056315002604
1702212056348367970
1702212056381733337
1702212056415098704
1702212056448464070
1702212056481829437
1702212056515194804
1702212056548560170
1702212056581925537
1702212056615290904
1702212056648656270
1702212056682021637
1702212056715387004
1702212056748752370
1702212056782117737
1702212056815483104
1702212056848848470
1702212056882213837
1702212056915579204
1702212056948944570
1702212056982309937
1702212057015675304
1702212057049040662
1702212057082405962
1702212057115771262
1702212057149136562
1702212057182501862
1702212057215867162
1702212057249232462
1702212057282597762
1702212057315963062
1702212057349328362
1702212057382693662
1702212057416058962
1702212057449424262
1702212057482789562
1702212057516154862
1702212057549520162
1702212057582885462
1702212057616250762
1702212057649616062
1702212057682981362
1702212057716346662
1702212057749711962
1702212057783077262
1702212057816442562
1702212057849807862
1702212057883173162
1702212057916538462
1702212057949903762
1702212057983269062
1702212058016634362
1702212058049999670
1702212058083365037
1702212058116730404
1702212058150095770
1702212058183461137
1702212058216826504
1702212058250191870
1702212058283557237
1702212058316922604
1702212058350287970
1702212058383653337
1702212058417018704
1702212058450384070
1702212058483749437
1702212058517114804
1702212058550480170
1702212058583845537
1702212058617210904
1702212058650576270
1702212058683941637
1702212058717307004
1702212058750672370
1702212058784037737
1702212058817403104
1702212058850768470
1702212058884133837
1702212058917499204
1702212058950864570
1702212058984229937
1702212059017595304
1702212059050960662
1702212059084325962
1702212059117691262
1702212059151056562
1702212059184421862
1702212059217787162
1702212059251152462
1702212059284517762
1702212059317883062
1702212059351248362
1702212059384613662
1702212059417978962
1702212059451344262
1702212059484709562
1702212059518074862
1702212059551440162
1702212059584805462
1702212059618170762
1702212059651536062
1702212059684901362
1702212059718266662
1702212059751631962
1702212059784997262
1702212059818362562
1702212059851727862
1702212059885093162
1702212059918458462
1702212059951823762
1702212059985189062
1702212060018554362
1702212060051919670
1702212060085285037
1702212060118650404
1702212060152015770
1702212060185381137
1702212060218746504
1702212060252111870
1702212060285477237
1702212060318842604
1702212060352207970
1702212060385573337
1702212060418938704
1702212060452304070
1702212060485669437
1702212060519034804
1702212060552400170
1702212060585765537
1702212060619130904
1702212060652496270
1702212060685861637
1702212060719227004
1702212060752592370
1702212060785957737
1702212060819323104
1702212060852688470
1702212060886053837
1702212060919419204
1702212060952784570
1702212060986149937
1702212061019515304
1702212061052880662
