1702461141034348000
1702461141042689325
1702461141051030650
1702461141059371975
1702461141067713300
1702461141076054625
1702461141084395950
1702461141092737275
1702461141101078600
1702461141109419925
1702461141117761250
1702461141126102575
1702461141134443900
1702461141142785225
1702461141151126550
1702461141159467875
1702461141167809200
1702461141176150525
1702461141184491850
1702461141192833175
1702461141201174500
1702461141209515825
1702461141217857150
1702461141226198475
1702461141234539800
1702461141242881125
1702461141251222450
1702461141259563775
1702461141267905100
1702461141276246425
1702461141284587750
1702461141292929075
1702461141301270400
1702461141309611725
1702461141317953050
1702461141326294375
1702461141334635700
1702461141342977025
1702461141351318350
1702461141359659675
1702461141368001000
1702461141376342325
1702461141384683650
1702461141393024975
1702461141401366300
1702461141409707625
1702461141418048950
1702461141426390275
1702461141434731600
1702461141443072925
1702461141451414250
1702461141459755575
1702461141468096900
1702461141476438225
1702461141484779550
1702461141493120875
1702461141501462200
1702461141509803525
1702461141518144850
1702461141526486175
1702461141534827500
1702461141543168825
1702461141551510150
1702461141559851475
1702461141568192800
1702461141576534125
1702461141584875450
1702461141593216775
1702461141601558100
1702461141609899425
1702461141618240750
1702461141626582075
1702461141634923400
1702461141643264725
1702461141651606050
1702461141659947375
1702461141668288700
1702461141676630025
1702461141684971350
1702461141693312675
1702461141701654000
1702461141709995325
1702461141718336650
1702461141726677975
1702461141735019300
1702461141743360625
1702461141751701950
1702461141760043275
1702461141768384600
1702461141776725925
1702461141785067250
1702461141793408575
1702461141801749900
1702461141810091225
1702461141818432550
1702461141826773875
1702461141835115200
1702461141843456525
1702461141851797850
1702461141860139175
1702461141868480500
1702461141876821825
1702461141885163150
1702461141893504475
1702461141901845800
1702461141910187125
1702461141918528450
1702461141926869775
1702461141935211100
1702461141943552425
1702461141951893750
1702461141960235075
1702461141968576400
1702461141976917725
1702461141985259050
1702461141993600375
1702461142001941700
1702461142010283025
1702461142018624350
1702461142026965675
1702461142035307000
1702461142043648341
1702461142051989683
1702461142060331025
1702461142068672366
1702461142077013708
1702461142085355050
1702461142093696391
1702461142102037733
1702461142110379075
1702461142118720416
1702461142127061758
1702461142135403100
1702461142143744441
1702461142152085783
1702461142160427125
1702461142168768466
1702461142177109808
1702461142185451150
1702461142193792491
1702461142202133833
1702461142210475175
1702461142218816516
1702461142227157858
1702461142235499200
1702461142243840541
1702461142252181883
1702461142260523225
1702461142268864566
1702461142277205908
1702461142285547250
1702461142293888591
1702461142302229933
1702461142310571275
1702461142318912616
1702461142327253958
1702461142335595300
1702461142343936641
1702461142352277983
1702461142360619325
1702461142368960666
1702461142377302008
1702461142385643350
1702461142393984691
1702461142402326033
1702461142410667375
1702461142419008716
1702461142427350058
1702461142435691400
1702461142444032741
1702461142452374083
1702461142460715425
1702461142469056766
1702461142477398108
1702461142485739450
1702461142494080791
1702461142502422133
1702461142510763475
1702461142519104816
1702461142527446158
1702461142535787500
1702461142544128841
1702461142552470183
1702461142560811525
1702461142569152866
1702461142577494208
1702461142585835550
1702461142594176891
1702461142602518233
1702461142610859575
1702461142619200916
1702461142627542258
1702461142635883600
1702461142644224941
1702461142652566283
1702461142660907625
1702461142669248966
1702461142677590308
1702461142685931650
1702461142694272991
1702461142702614333
1702461142710955675
1702461142719297016
1702461142727638358
1702461142735979700
1702461142744321041
1702461142752662383
1702461142761003725
1702461142769345066
1702461142777686408
1702461142786027750
1702461142794369091
1702461142802710433
1702461142811051775
1702461142819393116
1702461142827734458
1702461142836075800
1702461142844417141
1702461142852758483
1702461142861099825
1702461142869441166
1702461142877782508
1702461142886123850
1702461142894465191
1702461142902806533
1702461142911147875
1702461142919489216
1702461142927830558
1702461142936171900
1702461142944513241
1702461142952854583
1702461142961195925
1702461142969537266
1702461142977878608
1702461142986219950
1702461142994561291
1702461143002902633
1702461143011243975
1702461143019585316
1702461143027926658
1702461143036268000
1702461143044609333
1702461143052950666
1702461143061292000
1702461143069633333
1702461143077974666
1702461143086316000
1702461143094657333
1702461143102998666
1702461143111340000
1702461143119681333
1702461143128022666
1702461143136364000
1702461143144705333
1702461143153046666
1702461143161388000
1702461143169729333
1702461143178070666
1702461143186412000
1702461143194753333
1702461143203094666
1702461143211436000
1702461143219777333
1702461143228118666
1702461143236460000
1702461143244801333
1702461143253142666
1702461143261484000
1702461143269825333
1702461143278166666
1702461143286508000
1702461143294849333
1702461143303190666
1702461143311532000
1702461143319873333
1702461143328214666
1702461143336556000
1702461143344897333
1702461143353238666
1702461143361580000
1702461143369921333
1702461143378262666
1702461143386604000
1702461143394945333
1702461143403286666
1702461143411628000
1702461143419969333
1702461143428310666
1702461143436652000
1702461143444993333
1702461143453334666
1702461143461676000
1702461143470017333
1702461143478358666
1702461143486700000
1702461143495041333
1702461143503382666
1702461143511724000
1702461143520065333
1702461143528406666
1702461143536748000
1702461143545089333
1702461143553430666
1702461143561772000
1702461143570113333
1702461143578454666
1702461143586796000
1702461143595137333
1702461143603478666
1702461143611820000
1702461143620161333
1702461143628502666
1702461143636844000
1702461143645185333
1702461143653526666
1702461143661868000
1702461143670209333
1702461143678550666
1702461143686892000
1702461143695233333
1702461143703574666
1702461143711916000
1702461143720257333
1702461143728598666
1702461143736940000
1702461143745281333
1702461143753622666
1702461143761964000
1702461143770305333
1702461143778646666
1702461143786988000
1702461143795329333
1702461143803670666
1702461143812012000
1702461143820353333
1702461143828694666
1702461143837036000
1702461143845377333
1702461143853718666
1702461143862060000
1702461143870401333
1702461143878742666
1702461143887084000
1702461143895425333
1702461143903766666
1702461143912108000
1702461143920449333
1702461143928790666
1702461143937132000
1702461143945473333
1702461143953814666
1702461143962156000
1702461143970497333
1702461143978838666
1702461143987180000
1702461143995521333
1702461144003862666
1702461144012204000
1702461144020545333
1702461144028886666
1702461144037228000
1702461144045569333
1702461144053910666
1702461144062252000
1702461144070593333
1702461144078934666
1702461144087276000
1702461144095617333
1702461144103958666
1702461144112300000
1702461144120641333
1702461144128982666
1702461144137324000
1702461144145665333
1702461144154006666
1702461144162348000
1702461144170689333
1702461144179030666
1702461144187372000
1702461144195713333
1702461144204054666
1702461144212396000
1702461144220737333
1702461144229078666
1702461144237420000
1702461144245761333
1702461144254102666
1702461144262444000
1702461144270785333
1702461144279126666
1702461144287468000
1702461144295809333
1702461144304150666
1702461144312492000
1702461144320833333
1702461144329174666
1702461144337516000
1702461144345857333
1702461144354198666
1702461144362540000
1702461144370881333
1702461144379222666
1702461144387564000
1702461144395905333
1702461144404246666
1702461144412588000
1702461144420929333
1702461144429270666
1702461144437612000
1702461144445953333
1702461144454294666
1702461144462636000
1702461144470977333
1702461144479318666
1702461144487660000
1702461144496001333
1702461144504342666
1702461144512684000
1702461144521025333
1702461144529366666
1702461144537708000
1702461144546049333
1702461144554390666
1702461144562732000
1702461144571073333
1702461144579414666
1702461144587756000
1702461144596097333
1702461144604438666
1702461144612780000
1702461144621121333
1702461144629462666
1702461144637804000
1702461144646145333
1702461144654486666
1702461144662828000
1702461144671169333
1702461144679510666
1702461144687852000
1702461144696193333
1702461144704534666
1702461144712876000
1702461144721217333
1702461144729558666
1702461144737900000
1702461144746241333
1702461144754582666
1702461144762924000
1702461144771265333
1702461144779606666
1702461144787948000
1702461144796289333
1702461144804630666
1702461144812972000
1702461144821313333
1702461144829654666
1702461144837996000
1702461144846337333
1702461144854678666
1702461144863020000
1702461144871361333
1702461144879702666
1702461144888044000
1702461144896385333
1702461144904726666
1702461144913068000
1702461144921409333
1702461144929750666
1702461144938092000
1702461144946433333
1702461144954774666
1702461144963116000
1702461144971457333
1702461144979798666
1702461144988140000
1702461144996481333
1702461145004822666
1702461145013164000
1702461145021505333
1702461145029846666
1702461145038188000
1702461145046529325
1702461145054870650
1702461145063211975
1702461145071553300
1702461145079894625
1702461145088235950
1702461145096577275
1702461145104918600
1702461145113259925
1702461145121601250
1702461145129942575
1702461145138283900
1702461145146625225
1702461145154966550
1702461145163307875
1702461145171649200
1702461145179990525
1702461145188331850
1702461145196673175
1702461145205014500
1702461145213355825
1702461145221697150
1702461145230038475
1702461145238379800
1702461145246721125
1702461145255062450
1702461145263403775
1702461145271745100
1702461145280086425
1702461145288427750
1702461145296769075
1702461145305110400
1702461145313451725
1702461145321793050
1702461145330134375
1702461145338475700
1702461145346817025
1702461145355158350
1702461145363499675
1702461145371841000
1702461145380182325
1702461145388523650
1702461145396864975
1702461145405206300
1702461145413547625
1702461145421888950
1702461145430230275
1702461145438571600
1702461145446912925
1702461145455254250
1702461145463595575
1702461145471936900
1702461145480278225
1702461145488619550
1702461145496960875
1702461145505302200
1702461145513643525
1702461145521984850
1702461145530326175
1702461145538667500
1702461145547008825
1702461145555350150
1702461145563691475
1702461145572032800
1702461145580374125
1702461145588715450
1702461145597056775
1702461145605398100
1702461145613739425
1702461145622080750
1702461145630422075
1702461145638763400
1702461145647104725
1702461145655446050
1702461145663787375
1702461145672128700
1702461145680470025
1702461145688811350
1702461145697152675
1702461145705494000
1702461145713835325
1702461145722176650
1702461145730517975
1702461145738859300
1702461145747200625
1702461145755541950
1702461145763883275
1702461145772224600
1702461145780565925
1702461145788907250
1702461145797248575
1702461145805589900
1702461145813931225
1702461145822272550
1702461145830613875
1702461145838955200
1702461145847296525
1702461145855637850
1702461145863979175
1702461145872320500
1702461145880661825
1702461145889003150
1702461145897344475
1702461145905685800
1702461145914027125
1702461145922368450
1702461145930709775
1702461145939051100
1702461145947392425
1702461145955733750
1702461145964075075
1702461145972416400
1702461145980757725
1702461145989099050
1702461145997440375
1702461146005781700
1702461146014123025
1702461146022464350
1702461146030805675
1702461146039147000
1702461146047488325
1702461146055829650
1702461146064170975
1702461146072512300
1702461146080853625
1702461146089194950
1702461146097536275
1702461146105877600
1702461146114218925
1702461146122560250
1702461146130901575
1702461146139242900
1702461146147584225
1702461146155925550
1702461146164266875
1702461146172608200
1702461146180949525
1702461146189290850
1702461146197632175
1702461146205973500
1702461146214314825
1702461146222656150
1702461146230997475
1702461146239338800
1702461146247680125
1702461146256021450
1702461146264362775
1702461146272704100
1702461146281045425
1702461146289386750
1702461146297728075
1702461146306069400
1702461146314410725
1702461146322752050
1702461146331093375
1702461146339434700
1702461146347776025
1702461146356117350
1702461146364458675
1702461146372800000
1702461146381141325
1702461146389482650
1702461146397823975
1702461146406165300
1702461146414506625
1702461146422847950
1702461146431189275
1702461146439530600
1702461146447871925
1702461146456213250
1702461146464554575
1702461146472895900
1702461146481237225
1702461146489578550
1702461146497919875
1702461146506261200
1702461146514602525
1702461146522943850
1702461146531285175
1702461146539626500
1702461146547967825
1702461146556309150
1702461146564650475
1702461146572991800
1702461146581333125
1702461146589674450
1702461146598015775
1702461146606357100
1702461146614698425
1702461146623039750
1702461146631381075
1702461146639722400
1702461146648063725
1702461146656405050
1702461146664746375
1702461146673087700
1702461146681429025
1702461146689770350
1702461146698111675
1702461146706453000
1702461146714794325
1702461146723135650
1702461146731476975
1702461146739818300
1702461146748159625
1702461146756500950
1702461146764842275
1702461146773183600
1702461146781524925
1702461146789866250
1702461146798207575
1702461146806548900
1702461146814890225
1702461146823231550
1702461146831572875
1702461146839914200
1702461146848255525
1702461146856596850
1702461146864938175
1702461146873279500
1702461146881620825
1702461146889962150
1702461146898303475
1702461146906644800
1702461146914986125
1702461146923327450
1702461146931668775
1702461146940010100
1702461146948351425
1702461146956692750
1702461146965034075
1702461146973375400
1702461146981716725
1702461146990058050
1702461146998399375
1702461147006740700
1702461147015082025
1702461147023423350
1702461147031764675
1702461147040106000
1702461147048447341
1702461147056788683
1702461147065130025
1702461147073471366
1702461147081812708
1702461147090154050
1702461147098495391
1702461147106836733
1702461147115178075
1702461147123519416
1702461147131860758
1702461147140202100
1702461147148543441
1702461147156884783
1702461147165226125
1702461147173567466
1702461147181908808
1702461147190250150
1702461147198591491
1702461147206932833
1702461147215274175
1702461147223615516
1702461147231956858
1702461147240298200
1702461147248639541
1702461147256980883
1702461147265322225
1702461147273663566
1702461147282004908
1702461147290346250
1702461147298687591
1702461147307028933
1702461147315370275
1702461147323711616
1702461147332052958
1702461147340394300
1702461147348735641
1702461147357076983
1702461147365418325
1702461147373759666
1702461147382101008
1702461147390442350
1702461147398783691
1702461147407125033
1702461147415466375
1702461147423807716
1702461147432149058
1702461147440490400
1702461147448831741
1702461147457173083
1702461147465514425
1702461147473855766
1702461147482197108
1702461147490538450
1702461147498879791
1702461147507221133
1702461147515562475
1702461147523903816
1702461147532245158
1702461147540586500
1702461147548927841
1702461147557269183
1702461147565610525
1702461147573951866
1702461147582293208
1702461147590634550
1702461147598975891
1702461147607317233
1702461147615658575
1702461147623999916
1702461147632341258
1702461147640682600
1702461147649023941
1702461147657365283
1702461147665706625
1702461147674047966
1702461147682389308
1702461147690730650
1702461147699071991
1702461147707413333
1702461147715754675
1702461147724096016
1702461147732437358
1702461147740778700
1702461147749120041
1702461147757461383
1702461147765802725
1702461147774144066
1702461147782485408
1702461147790826750
1702461147799168091
1702461147807509433
1702461147815850775
1702461147824192116
1702461147832533458
1702461147840874800
1702461147849216141
1702461147857557483
1702461147865898825
1702461147874240166
1702461147882581508
1702461147890922850
1702461147899264191
1702461147907605533
1702461147915946875
1702461147924288216
1702461147932629558
1702461147940970900
1702461147949312241
1702461147957653583
1702461147965994925
1702461147974336266
1702461147982677608
1702461147991018950
1702461147999360291
1702461148007701633
1702461148016042975
1702461148024384316
1702461148032725658
1702461148041067000
1702461148049408325
1702461148057749650
1702461148066090975
1702461148074432300
1702461148082773625
1702461148091114950
1702461148099456275
1702461148107797600
1702461148116138925
1702461148124480250
1702461148132821575
1702461148141162900
1702461148149504225
1702461148157845550
1702461148166186875
1702461148174528200
1702461148182869525
1702461148191210850
1702461148199552175
1702461148207893500
1702461148216234825
1702461148224576150
1702461148232917475
1702461148241258800
1702461148249600125
1702461148257941450
1702461148266282775
1702461148274624100
1702461148282965425
1702461148291306750
1702461148299648075
1702461148307989400
1702461148316330725
1702461148324672050
1702461148333013375
1702461148341354700
1702461148349696025
1702461148358037350
1702461148366378675
1702461148374720000
1702461148383061325
1702461148391402650
1702461148399743975
1702461148408085300
1702461148416426625
1702461148424767950
1702461148433109275
1702461148441450600
1702461148449791925
1702461148458133250
1702461148466474575
1702461148474815900
1702461148483157225
1702461148491498550
1702461148499839875
1702461148508181200
1702461148516522525
1702461148524863850
1702461148533205175
1702461148541546500
1702461148549887825
1702461148558229150
1702461148566570475
1702461148574911800
1702461148583253125
1702461148591594450
1702461148599935775
1702461148608277100
1702461148616618425
1702461148624959750
1702461148633301075
1702461148641642400
1702461148649983725
1702461148658325050
1702461148666666375
1702461148675007700
1702461148683349025
1702461148691690350
1702461148700031675
1702461148708373000
1702461148716714325
1702461148725055650
1702461148733396975
1702461148741738300
1702461148750079625
1702461148758420950
1702461148766762275
1702461148775103600
1702461148783444925
1702461148791786250
1702461148800127575
1702461148808468900
1702461148816810225
1702461148825151550
1702461148833492875
1702461148841834200
1702461148850175525
1702461148858516850
1702461148866858175
1702461148875199500
1702461148883540825
1702461148891882150
1702461148900223475
1702461148908564800
1702461148916906125
1702461148925247450
1702461148933588775
1702461148941930100
1702461148950271425
1702461148958612750
1702461148966954075
1702461148975295400
1702461148983636725
1702461148991978050
1702461149000319375
1702461149008660700
1702461149017002025
1702461149025343350
1702461149033684675
1702461149042026000
1702461149050367341
1702461149058708683
1702461149067050025
1702461149075391366
1702461149083732708
1702461149092074050
1702461149100415391
1702461149108756733
1702461149117098075
1702461149125439416
1702461149133780758
1702461149142122100
1702461149150463441
1702461149158804783
1702461149167146125
1702461149175487466
1702461149183828808
1702461149192170150
1702461149200511491
1702461149208852833
1702461149217194175
1702461149225535516
1702461149233876858
1702461149242218200
1702461149250559541
1702461149258900883
1702461149267242225
1702461149275583566
1702461149283924908
1702461149292266250
1702461149300607591
1702461149308948933
1702461149317290275
1702461149325631616
1702461149333972958
1702461149342314300
1702461149350655641
1702461149358996983
1702461149367338325
1702461149375679666
1702461149384021008
1702461149392362350
1702461149400703691
1702461149409045033
1702461149417386375
1702461149425727716
1702461149434069058
1702461149442410400
1702461149450751741
1702461149459093083
1702461149467434425
1702461149475775766
1702461149484117108
1702461149492458450
1702461149500799791
1702461149509141133
1702461149517482475
1702461149525823816
1702461149534165158
1702461149542506500
1702461149550847841
1702461149559189183
1702461149567530525
1702461149575871866
1702461149584213208
1702461149592554550
1702461149600895891
1702461149609237233
1702461149617578575
1702461149625919916
1702461149634261258
1702461149642602600
1702461149650943941
1702461149659285283
1702461149667626625
1702461149675967966
1702461149684309308
1702461149692650650
1702461149700991991
1702461149709333333
1702461149717674675
1702461149726016016
1702461149734357358
1702461149742698700
1702461149751040041
1702461149759381383
1702461149767722725
1702461149776064066
1702461149784405408
1702461149792746750
1702461149801088091
1702461149809429433
1702461149817770775
1702461149826112116
1702461149834453458
1702461149842794800
1702461149851136141
1702461149859477483
1702461149867818825
1702461149876160166
1702461149884501508
1702461149892842850
1702461149901184191
1702461149909525533
1702461149917866875
1702461149926208216
1702461149934549558
1702461149942890900
1702461149951232241
1702461149959573583
1702461149967914925
1702461149976256266
1702461149984597608
1702461149992938950
1702461150001280291
1702461150009621633
1702461150017962975
1702461150026304316
1702461150034645658
1702461150042987000
1702461150051328325
1702461150059669650
1702461150068010975
1702461150076352300
1702461150084693625
1702461150093034950
1702461150101376275
1702461150109717600
1702461150118058925
1702461150126400250
1702461150134741575
1702461150143082900
1702461150151424225
1702461150159765550
1702461150168106875
1702461150176448200
1702461150184789525
1702461150193130850
1702461150201472175
1702461150209813500
1702461150218154825
1702461150226496150
1702461150234837475
1702461150243178800
1702461150251520125
1702461150259861450
1702461150268202775
1702461150276544100
1702461150284885425
1702461150293226750
1702461150301568075
1702461150309909400
1702461150318250725
1702461150326592050
1702461150334933375
1702461150343274700
1702461150351616025
1702461150359957350
1702461150368298675
1702461150376640000
1702461150384981325
1702461150393322650
1702461150401663975
1702461150410005300
1702461150418346625
1702461150426687950
1702461150435029275
1702461150443370600
1702461150451711925
1702461150460053250
1702461150468394575
1702461150476735900
1702461150485077225
1702461150493418550
1702461150501759875
1702461150510101200
1702461150518442525
1702461150526783850
1702461150535125175
1702461150543466500
1702461150551807825
1702461150560149150
1702461150568490475
1702461150576831800
1702461150585173125
1702461150593514450
1702461150601855775
1702461150610197100
1702461150618538425
1702461150626879750
1702461150635221075
1702461150643562400
1702461150651903725
1702461150660245050
1702461150668586375
1702461150676927700
1702461150685269025
1702461150693610350
1702461150701951675
1702461150710293000
1702461150718634325
1702461150726975650
1702461150735316975
1702461150743658300
1702461150751999625
1702461150760340950
1702461150768682275
1702461150777023600
1702461150785364925
1702461150793706250
1702461150802047575
1702461150810388900
1702461150818730225
1702461150827071550
1702461150835412875
1702461150843754200
1702461150852095525
1702461150860436850
1702461150868778175
1702461150877119500
1702461150885460825
1702461150893802150
1702461150902143475
1702461150910484800
1702461150918826125
1702461150927167450
1702461150935508775
1702461150943850100
1702461150952191425
1702461150960532750
1702461150968874075
1702461150977215400
1702461150985556725
1702461150993898050
1702461151002239375
1702461151010580700
1702461151018922025
1702461151027263350
1702461151035604675
1702461151043946000
1702461151052287341
1702461151060628683
1702461151068970025
1702461151077311366
1702461151085652708
1702461151093994050
1702461151102335391
1702461151110676733
1702461151119018075
1702461151127359416
1702461151135700758
1702461151144042100
1702461151152383441
1702461151160724783
1702461151169066125
1702461151177407466
1702461151185748808
1702461151194090150
1702461151202431491
1702461151210772833
1702461151219114175
1702461151227455516
1702461151235796858
1702461151244138200
1702461151252479541
1702461151260820883
1702461151269162225
1702461151277503566
1702461151285844908
1702461151294186250
1702461151302527591
1702461151310868933
1702461151319210275
1702461151327551616
1702461151335892958
1702461151344234300
1702461151352575641
1702461151360916983
1702461151369258325
1702461151377599666
1702461151385941008
1702461151394282350
1702461151402623691
1702461151410965033
1702461151419306375
1702461151427647716
1702461151435989058
1702461151444330400
1702461151452671741
1702461151461013083
1702461151469354425
1702461151477695766
1702461151486037108
1702461151494378450
1702461151502719791
1702461151511061133
1702461151519402475
1702461151527743816
1702461151536085158
1702461151544426500
1702461151552767841
1702461151561109183
1702461151569450525
1702461151577791866
1702461151586133208
1702461151594474550
1702461151602815891
1702461151611157233
1702461151619498575
1702461151627839916
1702461151636181258
1702461151644522600
1702461151652863941
1702461151661205283
1702461151669546625
1702461151677887966
1702461151686229308
1702461151694570650
1702461151702911991
1702461151711253333
1702461151719594675
1702461151727936016
1702461151736277358
1702461151744618700
1702461151752960041
1702461151761301383
1702461151769642725
1702461151777984066
1702461151786325408
1702461151794666750
1702461151803008091
1702461151811349433
1702461151819690775
1702461151828032116
1702461151836373458
1702461151844714800
1702461151853056141
1702461151861397483
1702461151869738825
1702461151878080166
1702461151886421508
1702461151894762850
1702461151903104191
1702461151911445533
1702461151919786875
1702461151928128216
1702461151936469558
1702461151944810900
1702461151953152241
1702461151961493583
1702461151969834925
1702461151978176266
1702461151986517608
1702461151994858950
1702461152003200291
1702461152011541633
1702461152019882975
1702461152028224316
1702461152036565658
1702461152044907000
1702461152053248325
1702461152061589650
1702461152069930975
1702461152078272300
1702461152086613625
1702461152094954950
1702461152103296275
1702461152111637600
1702461152119978925
1702461152128320250
1702461152136661575
1702461152145002900
1702461152153344225
1702461152161685550
1702461152170026875
1702461152178368200
1702461152186709525
1702461152195050850
1702461152203392175
1702461152211733500
1702461152220074825
1702461152228416150
1702461152236757475
1702461152245098800
1702461152253440125
1702461152261781450
1702461152270122775
1702461152278464100
1702461152286805425
1702461152295146750
1702461152303488075
1702461152311829400
1702461152320170725
1702461152328512050
1702461152336853375
1702461152345194700
1702461152353536025
1702461152361877350
1702461152370218675
1702461152378560000
1702461152386901325
1702461152395242650
1702461152403583975
1702461152411925300
1702461152420266625
1702461152428607950
1702461152436949275
1702461152445290600
1702461152453631925
1702461152461973250
1702461152470314575
1702461152478655900
1702461152486997225
1702461152495338550
1702461152503679875
1702461152512021200
1702461152520362525
1702461152528703850
1702461152537045175
1702461152545386500
1702461152553727825
1702461152562069150
1702461152570410475
1702461152578751800
1702461152587093125
1702461152595434450
1702461152603775775
1702461152612117100
1702461152620458425
1702461152628799750
1702461152637141075
1702461152645482400
1702461152653823725
1702461152662165050
1702461152670506375
1702461152678847700
1702461152687189025
1702461152695530350
1702461152703871675
1702461152712213000
1702461152720554325
1702461152728895650
1702461152737236975
1702461152745578300
1702461152753919625
1702461152762260950
1702461152770602275
1702461152778943600
1702461152787284925
1702461152795626250
1702461152803967575
1702461152812308900
1702461152820650225
1702461152828991550
1702461152837332875
1702461152845674200
1702461152854015525
1702461152862356850
1702461152870698175
1702461152879039500
1702461152887380825
1702461152895722150
1702461152904063475
1702461152912404800
1702461152920746125
1702461152929087450
1702461152937428775
1702461152945770100
1702461152954111425
1702461152962452750
1702461152970794075
1702461152979135400
1702461152987476725
1702461152995818050
1702461153004159375
1702461153012500700
1702461153020842025
1702461153029183350
1702461153037524675
1702461153045866000
1702461153054207341
1702461153062548683
1702461153070890025
1702461153079231366
1702461153087572708
1702461153095914050
1702461153104255391
1702461153112596733
1702461153120938075
1702461153129279416
1702461153137620758
1702461153145962100
1702461153154303441
1702461153162644783
1702461153170986125
1702461153179327466
1702461153187668808
1702461153196010150
1702461153204351491
1702461153212692833
1702461153221034175
1702461153229375516
1702461153237716858
1702461153246058200
1702461153254399541
1702461153262740883
1702461153271082225
1702461153279423566
1702461153287764908
1702461153296106250
1702461153304447591
1702461153312788933
1702461153321130275
1702461153329471616
1702461153337812958
1702461153346154300
1702461153354495641
1702461153362836983
1702461153371178325
1702461153379519666
1702461153387861008
1702461153396202350
1702461153404543691
1702461153412885033
1702461153421226375
1702461153429567716
1702461153437909058
1702461153446250400
1702461153454591741
1702461153462933083
1702461153471274425
1702461153479615766
1702461153487957108
1702461153496298450
1702461153504639791
1702461153512981133
1702461153521322475
1702461153529663816
1702461153538005158
1702461153546346500
1702461153554687841
1702461153563029183
1702461153571370525
1702461153579711866
1702461153588053208
1702461153596394550
1702461153604735891
1702461153613077233
1702461153621418575
1702461153629759916
1702461153638101258
1702461153646442600
1702461153654783941
1702461153663125283
1702461153671466625
1702461153679807966
1702461153688149308
1702461153696490650
1702461153704831991
1702461153713173333
1702461153721514675
1702461153729856016
1702461153738197358
1702461153746538700
1702461153754880041
1702461153763221383
1702461153771562725
1702461153779904066
1702461153788245408
1702461153796586750
1702461153804928091
1702461153813269433
1702461153821610775
1702461153829952116
1702461153838293458
1702461153846634800
1702461153854976141
1702461153863317483
1702461153871658825
1702461153880000166
1702461153888341508
1702461153896682850
1702461153905024191
1702461153913365533
1702461153921706875
1702461153930048216
1702461153938389558
1702461153946730900
1702461153955072241
1702461153963413583
1702461153971754925
1702461153980096266
1702461153988437608
1702461153996778950
1702461154005120291
1702461154013461633
1702461154021802975
1702461154030144316
1702461154038485658
1702461154046827000
1702461154055168325
1702461154063509650
1702461154071850975
1702461154080192300
1702461154088533625
1702461154096874950
1702461154105216275
1702461154113557600
1702461154121898925
1702461154130240250
1702461154138581575
1702461154146922900
1702461154155264225
1702461154163605550
1702461154171946875
1702461154180288200
1702461154188629525
1702461154196970850
1702461154205312175
1702461154213653500
1702461154221994825
1702461154230336150
1702461154238677475
1702461154247018800
1702461154255360125
1702461154263701450
1702461154272042775
1702461154280384100
1702461154288725425
1702461154297066750
1702461154305408075
1702461154313749400
1702461154322090725
1702461154330432050
1702461154338773375
1702461154347114700
1702461154355456025
1702461154363797350
1702461154372138675
1702461154380480000
1702461154388821325
1702461154397162650
1702461154405503975
1702461154413845300
1702461154422186625
1702461154430527950
1702461154438869275
1702461154447210600
1702461154455551925
1702461154463893250
1702461154472234575
1702461154480575900
1702461154488917225
1702461154497258550
1702461154505599875
1702461154513941200
1702461154522282525
1702461154530623850
1702461154538965175
1702461154547306500
1702461154555647825
1702461154563989150
1702461154572330475
1702461154580671800
1702461154589013125
1702461154597354450
1702461154605695775
1702461154614037100
1702461154622378425
1702461154630719750
1702461154639061075
1702461154647402400
1702461154655743725
1702461154664085050
1702461154672426375
1702461154680767700
1702461154689109025
1702461154697450350
1702461154705791675
1702461154714133000
1702461154722474325
1702461154730815650
1702461154739156975
1702461154747498300
1702461154755839625
1702461154764180950
1702461154772522275
1702461154780863600
1702461154789204925
1702461154797546250
1702461154805887575
1702461154814228900
1702461154822570225
1702461154830911550
1702461154839252875
1702461154847594200
1702461154855935525
1702461154864276850
1702461154872618175
1702461154880959500
1702461154889300825
1702461154897642150
1702461154905983475
1702461154914324800
1702461154922666125
1702461154931007450
1702461154939348775
1702461154947690100
1702461154956031425
1702461154964372750
1702461154972714075
1702461154981055400
1702461154989396725
1702461154997738050
1702461155006079375
1702461155014420700
1702461155022762025
1702461155031103350
1702461155039444675
1702461155047786000
1702461155056127341
1702461155064468683
1702461155072810025
1702461155081151366
1702461155089492708
1702461155097834050
1702461155106175391
1702461155114516733
1702461155122858075
1702461155131199416
1702461155139540758
1702461155147882100
1702461155156223441
1702461155164564783
1702461155172906125
1702461155181247466
1702461155189588808
1702461155197930150
1702461155206271491
1702461155214612833
1702461155222954175
1702461155231295516
1702461155239636858
1702461155247978200
1702461155256319541
1702461155264660883
1702461155273002225
1702461155281343566
1702461155289684908
1702461155298026250
1702461155306367591
1702461155314708933
1702461155323050275
1702461155331391616
1702461155339732958
1702461155348074300
1702461155356415641
1702461155364756983
1702461155373098325
1702461155381439666
1702461155389781008
1702461155398122350
1702461155406463691
1702461155414805033
1702461155423146375
1702461155431487716
1702461155439829058
1702461155448170400
1702461155456511741
1702461155464853083
1702461155473194425
1702461155481535766
1702461155489877108
1702461155498218450
1702461155506559791
1702461155514901133
1702461155523242475
1702461155531583816
1702461155539925158
1702461155548266500
1702461155556607841
1702461155564949183
1702461155573290525
1702461155581631866
1702461155589973208
1702461155598314550
1702461155606655891
1702461155614997233
1702461155623338575
1702461155631679916
1702461155640021258
1702461155648362600
1702461155656703941
1702461155665045283
1702461155673386625
1702461155681727966
1702461155690069308
1702461155698410650
1702461155706751991
1702461155715093333
1702461155723434675
1702461155731776016
1702461155740117358
1702461155748458700
1702461155756800041
1702461155765141383
1702461155773482725
1702461155781824066
1702461155790165408
1702461155798506750
1702461155806848091
1702461155815189433
1702461155823530775
1702461155831872116
1702461155840213458
1702461155848554800
1702461155856896141
1702461155865237483
1702461155873578825
1702461155881920166
1702461155890261508
1702461155898602850
1702461155906944191
1702461155915285533
1702461155923626875
1702461155931968216
1702461155940309558
1702461155948650900
1702461155956992241
1702461155965333583
1702461155973674925
1702461155982016266
1702461155990357608
1702461155998698950
1702461156007040291
1702461156015381633
1702461156023722975
1702461156032064316
1702461156040405658
1702461156048747000
1702461156057088325
1702461156065429650
1702461156073770975
1702461156082112300
1702461156090453625
1702461156098794950
1702461156107136275
1702461156115477600
1702461156123818925
1702461156132160250
1702461156140501575
1702461156148842900
1702461156157184225
1702461156165525550
1702461156173866875
1702461156182208200
1702461156190549525
1702461156198890850
1702461156207232175
1702461156215573500
1702461156223914825
1702461156232256150
1702461156240597475
1702461156248938800
1702461156257280125
1702461156265621450
1702461156273962775
1702461156282304100
1702461156290645425
1702461156298986750
1702461156307328075
1702461156315669400
1702461156324010725
1702461156332352050
1702461156340693375
1702461156349034700
1702461156357376025
1702461156365717350
1702461156374058675
1702461156382400000
1702461156390741325
1702461156399082650
1702461156407423975
1702461156415765300
1702461156424106625
1702461156432447950
1702461156440789275
1702461156449130600
1702461156457471925
1702461156465813250
1702461156474154575
1702461156482495900
1702461156490837225
1702461156499178550
1702461156507519875
1702461156515861200
1702461156524202525
1702461156532543850
1702461156540885175
1702461156549226500
1702461156557567825
1702461156565909150
1702461156574250475
1702461156582591800
1702461156590933125
1702461156599274450
1702461156607615775
1702461156615957100
1702461156624298425
1702461156632639750
1702461156640981075
1702461156649322400
1702461156657663725
1702461156666005050
1702461156674346375
1702461156682687700
1702461156691029025
1702461156699370350
1702461156707711675
1702461156716053000
1702461156724394325
1702461156732735650
1702461156741076975
1702461156749418300
1702461156757759625
1702461156766100950
1702461156774442275
1702461156782783600
1702461156791124925
1702461156799466250
1702461156807807575
1702461156816148900
1702461156824490225
1702461156832831550
1702461156841172875
1702461156849514200
1702461156857855525
1702461156866196850
1702461156874538175
1702461156882879500
1702461156891220825
1702461156899562150
1702461156907903475
1702461156916244800
1702461156924586125
1702461156932927450
1702461156941268775
1702461156949610100
1702461156957951425
1702461156966292750
1702461156974634075
1702461156982975400
1702461156991316725
1702461156999658050
1702461157007999375
1702461157016340700
1702461157024682025
1702461157033023350
1702461157041364675
1702461157049706000
1702461157058047341
1702461157066388683
1702461157074730025
1702461157083071366
1702461157091412708
1702461157099754050
1702461157108095391
1702461157116436733
1702461157124778075
1702461157133119416
1702461157141460758
1702461157149802100
1702461157158143441
1702461157166484783
1702461157174826125
1702461157183167466
1702461157191508808
1702461157199850150
1702461157208191491
1702461157216532833
1702461157224874175
1702461157233215516
1702461157241556858
1702461157249898200
1702461157258239541
1702461157266580883
1702461157274922225
1702461157283263566
1702461157291604908
1702461157299946250
1702461157308287591
1702461157316628933
1702461157324970275
1702461157333311616
1702461157341652958
1702461157349994300
1702461157358335641
1702461157366676983
1702461157375018325
1702461157383359666
1702461157391701008
1702461157400042350
1702461157408383691
1702461157416725033
1702461157425066375
1702461157433407716
1702461157441749058
1702461157450090400
1702461157458431741
1702461157466773083
1702461157475114425
1702461157483455766
1702461157491797108
1702461157500138450
1702461157508479791
1702461157516821133
1702461157525162475
1702461157533503816
1702461157541845158
1702461157550186500
1702461157558527841
1702461157566869183
1702461157575210525
1702461157583551866
1702461157591893208
1702461157600234550
1702461157608575891
1702461157616917233
1702461157625258575
1702461157633599916
1702461157641941258
1702461157650282600
1702461157658623941
1702461157666965283
1702461157675306625
1702461157683647966
1702461157691989308
1702461157700330650
1702461157708671991
1702461157717013333
1702461157725354675
1702461157733696016
1702461157742037358
1702461157750378700
1702461157758720041
1702461157767061383
1702461157775402725
1702461157783744066
1702461157792085408
1702461157800426750
1702461157808768091
1702461157817109433
1702461157825450775
1702461157833792116
1702461157842133458
1702461157850474800
1702461157858816141
1702461157867157483
1702461157875498825
1702461157883840166
1702461157892181508
1702461157900522850
1702461157908864191
1702461157917205533
1702461157925546875
1702461157933888216
1702461157942229558
1702461157950570900
1702461157958912241
1702461157967253583
1702461157975594925
1702461157983936266
1702461157992277608
1702461158000618950
1702461158008960291
1702461158017301633
1702461158025642975
1702461158033984316
1702461158042325658
1702461158050667000
1702461158059008325
1702461158067349650
1702461158075690975
1702461158084032300
1702461158092373625
1702461158100714950
1702461158109056275
1702461158117397600
1702461158125738925
1702461158134080250
1702461158142421575
1702461158150762900
1702461158159104225
1702461158167445550
1702461158175786875
1702461158184128200
1702461158192469525
1702461158200810850
1702461158209152175
1702461158217493500
1702461158225834825
1702461158234176150
1702461158242517475
1702461158250858800
1702461158259200125
1702461158267541450
1702461158275882775
1702461158284224100
1702461158292565425
1702461158300906750
1702461158309248075
1702461158317589400
1702461158325930725
1702461158334272050
1702461158342613375
1702461158350954700
1702461158359296025
1702461158367637350
1702461158375978675
1702461158384320000
1702461158392661325
1702461158401002650
1702461158409343975
1702461158417685300
1702461158426026625
1702461158434367950
1702461158442709275
1702461158451050600
1702461158459391925
1702461158467733250
1702461158476074575
1702461158484415900
1702461158492757225
1702461158501098550
1702461158509439875
1702461158517781200
1702461158526122525
1702461158534463850
1702461158542805175
1702461158551146500
1702461158559487825
1702461158567829150
1702461158576170475
1702461158584511800
1702461158592853125
1702461158601194450
1702461158609535775
1702461158617877100
1702461158626218425
1702461158634559750
1702461158642901075
1702461158651242400
1702461158659583725
1702461158667925050
1702461158676266375
1702461158684607700
1702461158692949025
1702461158701290350
1702461158709631675
1702461158717973000
1702461158726314325
1702461158734655650
1702461158742996975
1702461158751338300
1702461158759679625
1702461158768020950
1702461158776362275
1702461158784703600
1702461158793044925
1702461158801386250
1702461158809727575
1702461158818068900
1702461158826410225
1702461158834751550
1702461158843092875
1702461158851434200
1702461158859775525
1702461158868116850
1702461158876458175
1702461158884799500
1702461158893140825
1702461158901482150
1702461158909823475
1702461158918164800
1702461158926506125
1702461158934847450
1702461158943188775
1702461158951530100
1702461158959871425
1702461158968212750
1702461158976554075
1702461158984895400
1702461158993236725
1702461159001578050
1702461159009919375
1702461159018260700
1702461159026602025
1702461159034943350
1702461159043284675
1702461159051626000
1702461159059967341
1702461159068308683
1702461159076650025
1702461159084991366
1702461159093332708
1702461159101674050
1702461159110015391
1702461159118356733
1702461159126698075
1702461159135039416
1702461159143380758
1702461159151722100
1702461159160063441
1702461159168404783
1702461159176746125
1702461159185087466
1702461159193428808
1702461159201770150
1702461159210111491
1702461159218452833
1702461159226794175
1702461159235135516
1702461159243476858
1702461159251818200
1702461159260159541
1702461159268500883
1702461159276842225
1702461159285183566
1702461159293524908
1702461159301866250
1702461159310207591
1702461159318548933
1702461159326890275
1702461159335231616
1702461159343572958
1702461159351914300
1702461159360255641
1702461159368596983
1702461159376938325
1702461159385279666
1702461159393621008
1702461159401962350
1702461159410303691
1702461159418645033
1702461159426986375
1702461159435327716
1702461159443669058
1702461159452010400
1702461159460351741
1702461159468693083
1702461159477034425
1702461159485375766
1702461159493717108
1702461159502058450
1702461159510399791
1702461159518741133
1702461159527082475
1702461159535423816
1702461159543765158
1702461159552106500
1702461159560447841
1702461159568789183
1702461159577130525
1702461159585471866
1702461159593813208
1702461159602154550
1702461159610495891
1702461159618837233
1702461159627178575
1702461159635519916
1702461159643861258
1702461159652202600
1702461159660543941
1702461159668885283
1702461159677226625
1702461159685567966
1702461159693909308
1702461159702250650
1702461159710591991
1702461159718933333
1702461159727274675
1702461159735616016
1702461159743957358
1702461159752298700
1702461159760640041
1702461159768981383
1702461159777322725
1702461159785664066
1702461159794005408
1702461159802346750
1702461159810688091
1702461159819029433
1702461159827370775
1702461159835712116
1702461159844053458
1702461159852394800
1702461159860736141
1702461159869077483
1702461159877418825
1702461159885760166
1702461159894101508
1702461159902442850
1702461159910784191
1702461159919125533
1702461159927466875
1702461159935808216
1702461159944149558
1702461159952490900
1702461159960832241
1702461159969173583
1702461159977514925
1702461159985856266
1702461159994197608
1702461160002538950
1702461160010880291
1702461160019221633
1702461160027562975
1702461160035904316
1702461160044245658
1702461160052587000
1702461160060928325
1702461160069269650
1702461160077610975
1702461160085952300
1702461160094293625
1702461160102634950
1702461160110976275
1702461160119317600
1702461160127658925
1702461160136000250
1702461160144341575
1702461160152682900
1702461160161024225
1702461160169365550
1702461160177706875
1702461160186048200
1702461160194389525
1702461160202730850
1702461160211072175
1702461160219413500
1702461160227754825
1702461160236096150
1702461160244437475
1702461160252778800
1702461160261120125
1702461160269461450
1702461160277802775
1702461160286144100
1702461160294485425
1702461160302826750
1702461160311168075
1702461160319509400
1702461160327850725
1702461160336192050
1702461160344533375
1702461160352874700
1702461160361216025
1702461160369557350
1702461160377898675
1702461160386240000
1702461160394581325
1702461160402922650
1702461160411263975
1702461160419605300
1702461160427946625
1702461160436287950
1702461160444629275
1702461160452970600
1702461160461311925
1702461160469653250
1702461160477994575
1702461160486335900
1702461160494677225
1702461160503018550
1702461160511359875
1702461160519701200
1702461160528042525
1702461160536383850
1702461160544725175
1702461160553066500
1702461160561407825
1702461160569749150
1702461160578090475
1702461160586431800
1702461160594773125
1702461160603114450
1702461160611455775
1702461160619797100
1702461160628138425
1702461160636479750
1702461160644821075
1702461160653162400
1702461160661503725
1702461160669845050
1702461160678186375
1702461160686527700
1702461160694869025
1702461160703210350
1702461160711551675
1702461160719893000
1702461160728234325
1702461160736575650
1702461160744916975
1702461160753258300
1702461160761599625
1702461160769940950
1702461160778282275
1702461160786623600
1702461160794964925
1702461160803306250
1702461160811647575
1702461160819988900
1702461160828330225
1702461160836671550
1702461160845012875
1702461160853354200
1702461160861695525
1702461160870036850
1702461160878378175
1702461160886719500
1702461160895060825
1702461160903402150
1702461160911743475
1702461160920084800
1702461160928426125
1702461160936767450
1702461160945108775
1702461160953450100
1702461160961791425
1702461160970132750
1702461160978474075
1702461160986815400
1702461160995156725
1702461161003498050
1702461161011839375
1702461161020180700
1702461161028522025
1702461161036863350
1702461161045204675
1702461161053546000
1702461161061887341
1702461161070228683
1702461161078570025
1702461161086911366
1702461161095252708
1702461161103594050
1702461161111935391
1702461161120276733
1702461161128618075
1702461161136959416
1702461161145300758
1702461161153642100
1702461161161983441
1702461161170324783
1702461161178666125
1702461161187007466
1702461161195348808
1702461161203690150
1702461161212031491
1702461161220372833
1702461161228714175
1702461161237055516
1702461161245396858
1702461161253738200
1702461161262079541
1702461161270420883
1702461161278762225
1702461161287103566
1702461161295444908
1702461161303786250
1702461161312127591
1702461161320468933
1702461161328810275
1702461161337151616
1702461161345492958
1702461161353834300
1702461161362175641
1702461161370516983
1702461161378858325
1702461161387199666
1702461161395541008
1702461161403882350
1702461161412223691
1702461161420565033
1702461161428906375
1702461161437247716
1702461161445589058
1702461161453930400
1702461161462271741
1702461161470613083
1702461161478954425
1702461161487295766
1702461161495637108
1702461161503978450
1702461161512319791
1702461161520661133
1702461161529002475
1702461161537343816
1702461161545685158
1702461161554026500
1702461161562367841
1702461161570709183
1702461161579050525
1702461161587391866
1702461161595733208
1702461161604074550
1702461161612415891
1702461161620757233
1702461161629098575
1702461161637439916
1702461161645781258
1702461161654122600
1702461161662463941
1702461161670805283
1702461161679146625
1702461161687487966
1702461161695829308
1702461161704170650
1702461161712511991
1702461161720853333
1702461161729194675
1702461161737536016
1702461161745877358
1702461161754218700
1702461161762560041
1702461161770901383
1702461161779242725
1702461161787584066
1702461161795925408
1702461161804266750
1702461161812608091
1702461161820949433
1702461161829290775
1702461161837632116
1702461161845973458
1702461161854314800
1702461161862656141
1702461161870997483
1702461161879338825
1702461161887680166
1702461161896021508
1702461161904362850
1702461161912704191
1702461161921045533
1702461161929386875
1702461161937728216
1702461161946069558
1702461161954410900
1702461161962752241
1702461161971093583
1702461161979434925
1702461161987776266
1702461161996117608
1702461162004458950
1702461162012800291
1702461162021141633
1702461162029482975
1702461162037824316
1702461162046165658
1702461162054507000
1702461162062848325
1702461162071189650
1702461162079530975
1702461162087872300
1702461162096213625
1702461162104554950
1702461162112896275
1702461162121237600
1702461162129578925
1702461162137920250
1702461162146261575
1702461162154602900
1702461162162944225
1702461162171285550
1702461162179626875
1702461162187968200
1702461162196309525
1702461162204650850
1702461162212992175
1702461162221333500
1702461162229674825
1702461162238016150
1702461162246357475
1702461162254698800
1702461162263040125
1702461162271381450
1702461162279722775
1702461162288064100
1702461162296405425
1702461162304746750
1702461162313088075
1702461162321429400
1702461162329770725
1702461162338112050
1702461162346453375
1702461162354794700
1702461162363136025
1702461162371477350
1702461162379818675
1702461162388160000
1702461162396501325
1702461162404842650
1702461162413183975
1702461162421525300
1702461162429866625
1702461162438207950
1702461162446549275
1702461162454890600
1702461162463231925
1702461162471573250
1702461162479914575
1702461162488255900
1702461162496597225
1702461162504938550
1702461162513279875
1702461162521621200
1702461162529962525
1702461162538303850
1702461162546645175
1702461162554986500
1702461162563327825
1702461162571669150
1702461162580010475
1702461162588351800
1702461162596693125
1702461162605034450
1702461162613375775
1702461162621717100
1702461162630058425
1702461162638399750
1702461162646741075
1702461162655082400
1702461162663423725
1702461162671765050
1702461162680106375
1702461162688447700
1702461162696789025
1702461162705130350
1702461162713471675
1702461162721813000
1702461162730154325
1702461162738495650
1702461162746836975
1702461162755178300
1702461162763519625
1702461162771860950
1702461162780202275
1702461162788543600
1702461162796884925
1702461162805226250
1702461162813567575
1702461162821908900
1702461162830250225
1702461162838591550
1702461162846932875
1702461162855274200
1702461162863615525
1702461162871956850
1702461162880298175
1702461162888639500
1702461162896980825
1702461162905322150
1702461162913663475
1702461162922004800
1702461162930346125
1702461162938687450
1702461162947028775
1702461162955370100
1702461162963711425
1702461162972052750
1702461162980394075
1702461162988735400
1702461162997076725
1702461163005418050
1702461163013759375
1702461163022100700
1702461163030442025
1702461163038783350
1702461163047124675
1702461163055466000
1702461163063807341
1702461163072148683
1702461163080490025
1702461163088831366
1702461163097172708
1702461163105514050
1702461163113855391
1702461163122196733
1702461163130538075
1702461163138879416
1702461163147220758
1702461163155562100
1702461163163903441
1702461163172244783
1702461163180586125
1702461163188927466
1702461163197268808
1702461163205610150
1702461163213951491
1702461163222292833
1702461163230634175
1702461163238975516
1702461163247316858
1702461163255658200
1702461163263999541
1702461163272340883
1702461163280682225
1702461163289023566
1702461163297364908
1702461163305706250
1702461163314047591
1702461163322388933
1702461163330730275
1702461163339071616
1702461163347412958
1702461163355754300
1702461163364095641
1702461163372436983
1702461163380778325
1702461163389119666
1702461163397461008
1702461163405802350
1702461163414143691
1702461163422485033
1702461163430826375
1702461163439167716
1702461163447509058
1702461163455850400
1702461163464191741
1702461163472533083
1702461163480874425
1702461163489215766
1702461163497557108
1702461163505898450
1702461163514239791
1702461163522581133
1702461163530922475
1702461163539263816
1702461163547605158
1702461163555946500
1702461163564287841
1702461163572629183
1702461163580970525
1702461163589311866
1702461163597653208
1702461163605994550
1702461163614335891
1702461163622677233
1702461163631018575
1702461163639359916
1702461163647701258
1702461163656042600
1702461163664383941
1702461163672725283
1702461163681066625
1702461163689407966
1702461163697749308
1702461163706090650
1702461163714431991
1702461163722773333
1702461163731114675
1702461163739456016
1702461163747797358
1702461163756138700
1702461163764480041
1702461163772821383
1702461163781162725
1702461163789504066
1702461163797845408
1702461163806186750
1702461163814528091
1702461163822869433
1702461163831210775
1702461163839552116
1702461163847893458
1702461163856234800
1702461163864576141
1702461163872917483
1702461163881258825
1702461163889600166
1702461163897941508
1702461163906282850
1702461163914624191
1702461163922965533
1702461163931306875
1702461163939648216
1702461163947989558
1702461163956330900
1702461163964672241
1702461163973013583
1702461163981354925
1702461163989696266
1702461163998037608
1702461164006378950
1702461164014720291
1702461164023061633
1702461164031402975
1702461164039744316
1702461164048085658
1702461164056427000
1702461164064768325
1702461164073109650
1702461164081450975
1702461164089792300
1702461164098133625
1702461164106474950
1702461164114816275
1702461164123157600
1702461164131498925
1702461164139840250
1702461164148181575
1702461164156522900
1702461164164864225
1702461164173205550
1702461164181546875
1702461164189888200
1702461164198229525
1702461164206570850
1702461164214912175
1702461164223253500
1702461164231594825
1702461164239936150
1702461164248277475
1702461164256618800
1702461164264960125
1702461164273301450
1702461164281642775
1702461164289984100
1702461164298325425
1702461164306666750
1702461164315008075
1702461164323349400
1702461164331690725
1702461164340032050
1702461164348373375
1702461164356714700
1702461164365056025
1702461164373397350
1702461164381738675
1702461164390080000
1702461164398421325
1702461164406762650
1702461164415103975
1702461164423445300
1702461164431786625
1702461164440127950
1702461164448469275
1702461164456810600
1702461164465151925
1702461164473493250
1702461164481834575
1702461164490175900
1702461164498517225
1702461164506858550
1702461164515199875
1702461164523541200
1702461164531882525
1702461164540223850
1702461164548565175
1702461164556906500
1702461164565247825
1702461164573589150
1702461164581930475
1702461164590271800
1702461164598613125
1702461164606954450
1702461164615295775
1702461164623637100
1702461164631978425
1702461164640319750
1702461164648661075
1702461164657002400
1702461164665343725
1702461164673685050
1702461164682026375
1702461164690367700
1702461164698709025
1702461164707050350
1702461164715391675
1702461164723733000
1702461164732074325
1702461164740415650
1702461164748756975
1702461164757098300
1702461164765439625
1702461164773780950
1702461164782122275
1702461164790463600
1702461164798804925
1702461164807146250
1702461164815487575
1702461164823828900
1702461164832170225
1702461164840511550
1702461164848852875
1702461164857194200
1702461164865535525
1702461164873876850
1702461164882218175
1702461164890559500
1702461164898900825
1702461164907242150
1702461164915583475
1702461164923924800
1702461164932266125
1702461164940607450
1702461164948948775
1702461164957290100
1702461164965631425
1702461164973972750
1702461164982314075
1702461164990655400
1702461164998996725
1702461165007338050
1702461165015679375
1702461165024020700
1702461165032362025
1702461165040703350
1702461165049044675
1702461165057386000
1702461165065727341
1702461165074068683
1702461165082410025
1702461165090751366
1702461165099092708
1702461165107434050
1702461165115775391
1702461165124116733
1702461165132458075
1702461165140799416
1702461165149140758
1702461165157482100
1702461165165823441
1702461165174164783
1702461165182506125
1702461165190847466
1702461165199188808
1702461165207530150
1702461165215871491
1702461165224212833
1702461165232554175
1702461165240895516
1702461165249236858
1702461165257578200
1702461165265919541
1702461165274260883
1702461165282602225
1702461165290943566
1702461165299284908
1702461165307626250
1702461165315967591
1702461165324308933
1702461165332650275
1702461165340991616
1702461165349332958
1702461165357674300
1702461165366015641
1702461165374356983
1702461165382698325
1702461165391039666
1702461165399381008
1702461165407722350
1702461165416063691
1702461165424405033
1702461165432746375
1702461165441087716
1702461165449429058
1702461165457770400
1702461165466111741
1702461165474453083
1702461165482794425
1702461165491135766
1702461165499477108
1702461165507818450
1702461165516159791
1702461165524501133
1702461165532842475
1702461165541183816
1702461165549525158
1702461165557866500
1702461165566207841
1702461165574549183
1702461165582890525
1702461165591231866
1702461165599573208
1702461165607914550
1702461165616255891
1702461165624597233
1702461165632938575
1702461165641279916
1702461165649621258
1702461165657962600
1702461165666303941
1702461165674645283
1702461165682986625
1702461165691327966
1702461165699669308
1702461165708010650
1702461165716351991
1702461165724693333
1702461165733034675
1702461165741376016
1702461165749717358
1702461165758058700
1702461165766400041
1702461165774741383
1702461165783082725
1702461165791424066
1702461165799765408
1702461165808106750
1702461165816448091
1702461165824789433
1702461165833130775
1702461165841472116
1702461165849813458
1702461165858154800
1702461165866496141
1702461165874837483
1702461165883178825
1702461165891520166
1702461165899861508
1702461165908202850
1702461165916544191
1702461165924885533
1702461165933226875
1702461165941568216
1702461165949909558
1702461165958250900
1702461165966592241
1702461165974933583
1702461165983274925
1702461165991616266
1702461165999957608
1702461166008298950
1702461166016640291
1702461166024981633
1702461166033322975
1702461166041664316
1702461166050005658
1702461166058347000
1702461166066688325
1702461166075029650
1702461166083370975
1702461166091712300
1702461166100053625
1702461166108394950
1702461166116736275
1702461166125077600
1702461166133418925
1702461166141760250
1702461166150101575
1702461166158442900
1702461166166784225
1702461166175125550
1702461166183466875
1702461166191808200
1702461166200149525
1702461166208490850
1702461166216832175
1702461166225173500
1702461166233514825
1702461166241856150
1702461166250197475
1702461166258538800
1702461166266880125
1702461166275221450
1702461166283562775
1702461166291904100
1702461166300245425
1702461166308586750
1702461166316928075
1702461166325269400
1702461166333610725
1702461166341952050
1702461166350293375
1702461166358634700
1702461166366976025
1702461166375317350
1702461166383658675
1702461166392000000
1702461166400341325
1702461166408682650
1702461166417023975
1702461166425365300
1702461166433706625
1702461166442047950
1702461166450389275
1702461166458730600
1702461166467071925
1702461166475413250
1702461166483754575
1702461166492095900
1702461166500437225
1702461166508778550
1702461166517119875
1702461166525461200
1702461166533802525
1702461166542143850
1702461166550485175
1702461166558826500
1702461166567167825
1702461166575509150
1702461166583850475
1702461166592191800
1702461166600533125
1702461166608874450
1702461166617215775
1702461166625557100
1702461166633898425
1702461166642239750
1702461166650581075
1702461166658922400
1702461166667263725
1702461166675605050
1702461166683946375
1702461166692287700
1702461166700629025
1702461166708970350
1702461166717311675
1702461166725653000
1702461166733994325
1702461166742335650
1702461166750676975
1702461166759018300
1702461166767359625
1702461166775700950
1702461166784042275
1702461166792383600
1702461166800724925
1702461166809066250
1702461166817407575
1702461166825748900
1702461166834090225
1702461166842431550
1702461166850772875
1702461166859114200
1702461166867455525
1702461166875796850
1702461166884138175
1702461166892479500
1702461166900820825
1702461166909162150
1702461166917503475
1702461166925844800
1702461166934186125
1702461166942527450
1702461166950868775
1702461166959210100
1702461166967551425
1702461166975892750
1702461166984234075
1702461166992575400
1702461167000916725
1702461167009258050
1702461167017599375
1702461167025940700
1702461167034282025
1702461167042623350
1702461167050964675
1702461167059306000
1702461167067647341
1702461167075988683
1702461167084330025
1702461167092671366
1702461167101012708
1702461167109354050
1702461167117695391
1702461167126036733
1702461167134378075
1702461167142719416
1702461167151060758
1702461167159402100
1702461167167743441
1702461167176084783
1702461167184426125
1702461167192767466
1702461167201108808
1702461167209450150
1702461167217791491
1702461167226132833
1702461167234474175
1702461167242815516
1702461167251156858
1702461167259498200
1702461167267839541
1702461167276180883
1702461167284522225
1702461167292863566
1702461167301204908
1702461167309546250
1702461167317887591
1702461167326228933
1702461167334570275
1702461167342911616
1702461167351252958
1702461167359594300
1702461167367935641
1702461167376276983
1702461167384618325
1702461167392959666
1702461167401301008
1702461167409642350
1702461167417983691
1702461167426325033
1702461167434666375
1702461167443007716
1702461167451349058
1702461167459690400
1702461167468031741
1702461167476373083
1702461167484714425
1702461167493055766
1702461167501397108
1702461167509738450
1702461167518079791
1702461167526421133
1702461167534762475
1702461167543103816
1702461167551445158
1702461167559786500
1702461167568127841
1702461167576469183
1702461167584810525
1702461167593151866
1702461167601493208
1702461167609834550
1702461167618175891
1702461167626517233
1702461167634858575
1702461167643199916
1702461167651541258
1702461167659882600
1702461167668223941
1702461167676565283
1702461167684906625
1702461167693247966
1702461167701589308
1702461167709930650
1702461167718271991
1702461167726613333
1702461167734954675
1702461167743296016
1702461167751637358
1702461167759978700
1702461167768320041
1702461167776661383
1702461167785002725
1702461167793344066
1702461167801685408
1702461167810026750
1702461167818368091
1702461167826709433
1702461167835050775
1702461167843392116
1702461167851733458
1702461167860074800
1702461167868416141
1702461167876757483
1702461167885098825
1702461167893440166
1702461167901781508
1702461167910122850
1702461167918464191
1702461167926805533
1702461167935146875
1702461167943488216
1702461167951829558
1702461167960170900
1702461167968512241
1702461167976853583
1702461167985194925
1702461167993536266
1702461168001877608
1702461168010218950
1702461168018560291
1702461168026901633
1702461168035242975
1702461168043584316
1702461168051925658
1702461168060267000
1702461168068608325
1702461168076949650
1702461168085290975
1702461168093632300
1702461168101973625
1702461168110314950
1702461168118656275
1702461168126997600
1702461168135338925
1702461168143680250
1702461168152021575
1702461168160362900
1702461168168704225
1702461168177045550
1702461168185386875
1702461168193728200
1702461168202069525
1702461168210410850
1702461168218752175
1702461168227093500
1702461168235434825
1702461168243776150
1702461168252117475
1702461168260458800
1702461168268800125
1702461168277141450
1702461168285482775
1702461168293824100
1702461168302165425
1702461168310506750
1702461168318848075
1702461168327189400
1702461168335530725
1702461168343872050
1702461168352213375
1702461168360554700
1702461168368896025
1702461168377237350
1702461168385578675
1702461168393920000
1702461168402261325
1702461168410602650
1702461168418943975
1702461168427285300
1702461168435626625
1702461168443967950
1702461168452309275
1702461168460650600
1702461168468991925
1702461168477333250
1702461168485674575
1702461168494015900
1702461168502357225
1702461168510698550
1702461168519039875
1702461168527381200
1702461168535722525
1702461168544063850
1702461168552405175
1702461168560746500
1702461168569087825
1702461168577429150
1702461168585770475
1702461168594111800
1702461168602453125
1702461168610794450
1702461168619135775
1702461168627477100
1702461168635818425
1702461168644159750
1702461168652501075
1702461168660842400
1702461168669183725
1702461168677525050
1702461168685866375
1702461168694207700
1702461168702549025
1702461168710890350
1702461168719231675
1702461168727573000
1702461168735914325
1702461168744255650
1702461168752596975
1702461168760938300
1702461168769279625
1702461168777620950
1702461168785962275
1702461168794303600
1702461168802644925
1702461168810986250
1702461168819327575
1702461168827668900
1702461168836010225
1702461168844351550
1702461168852692875
1702461168861034200
1702461168869375525
1702461168877716850
1702461168886058175
1702461168894399500
1702461168902740825
1702461168911082150
1702461168919423475
1702461168927764800
1702461168936106125
1702461168944447450
1702461168952788775
1702461168961130100
1702461168969471425
1702461168977812750
1702461168986154075
1702461168994495400
1702461169002836725
1702461169011178050
1702461169019519375
1702461169027860700
1702461169036202025
1702461169044543350
1702461169052884675
1702461169061226000
1702461169069567341
1702461169077908683
1702461169086250025
1702461169094591366
1702461169102932708
1702461169111274050
1702461169119615391
1702461169127956733
1702461169136298075
1702461169144639416
1702461169152980758
1702461169161322100
1702461169169663441
1702461169178004783
1702461169186346125
1702461169194687466
1702461169203028808
1702461169211370150
1702461169219711491
1702461169228052833
1702461169236394175
1702461169244735516
1702461169253076858
1702461169261418200
1702461169269759541
1702461169278100883
1702461169286442225
1702461169294783566
1702461169303124908
1702461169311466250
1702461169319807591
1702461169328148933
1702461169336490275
1702461169344831616
1702461169353172958
1702461169361514300
1702461169369855641
1702461169378196983
1702461169386538325
1702461169394879666
1702461169403221008
1702461169411562350
1702461169419903691
1702461169428245033
1702461169436586375
1702461169444927716
1702461169453269058
1702461169461610400
1702461169469951741
1702461169478293083
1702461169486634425
1702461169494975766
1702461169503317108
1702461169511658450
1702461169519999791
1702461169528341133
1702461169536682475
1702461169545023816
1702461169553365158
1702461169561706500
1702461169570047841
1702461169578389183
1702461169586730525
1702461169595071866
1702461169603413208
1702461169611754550
1702461169620095891
1702461169628437233
1702461169636778575
1702461169645119916
1702461169653461258
1702461169661802600
1702461169670143941
1702461169678485283
1702461169686826625
1702461169695167966
1702461169703509308
1702461169711850650
1702461169720191991
1702461169728533333
1702461169736874675
1702461169745216016
1702461169753557358
1702461169761898700
1702461169770240041
1702461169778581383
1702461169786922725
1702461169795264066
1702461169803605408
1702461169811946750
1702461169820288091
1702461169828629433
1702461169836970775
1702461169845312116
1702461169853653458
1702461169861994800
1702461169870336141
1702461169878677483
1702461169887018825
1702461169895360166
1702461169903701508
1702461169912042850
1702461169920384191
1702461169928725533
1702461169937066875
1702461169945408216
1702461169953749558
1702461169962090900
1702461169970432241
1702461169978773583
1702461169987114925
1702461169995456266
1702461170003797608
1702461170012138950
1702461170020480291
1702461170028821633
1702461170037162975
1702461170045504316
1702461170053845658
1702461170062187000
1702461170070528325
1702461170078869650
1702461170087210975
1702461170095552300
1702461170103893625
1702461170112234950
1702461170120576275
1702461170128917600
1702461170137258925
1702461170145600250
1702461170153941575
1702461170162282900
1702461170170624225
1702461170178965550
1702461170187306875
1702461170195648200
1702461170203989525
1702461170212330850
1702461170220672175
1702461170229013500
1702461170237354825
1702461170245696150
1702461170254037475
1702461170262378800
1702461170270720125
1702461170279061450
1702461170287402775
1702461170295744100
1702461170304085425
1702461170312426750
1702461170320768075
1702461170329109400
1702461170337450725
1702461170345792050
1702461170354133375
1702461170362474700
1702461170370816025
1702461170379157350
1702461170387498675
1702461170395840000
1702461170404181325
1702461170412522650
1702461170420863975
1702461170429205300
1702461170437546625
1702461170445887950
1702461170454229275
1702461170462570600
1702461170470911925
1702461170479253250
1702461170487594575
1702461170495935900
1702461170504277225
1702461170512618550
1702461170520959875
1702461170529301200
1702461170537642525
1702461170545983850
1702461170554325175
1702461170562666500
1702461170571007825
1702461170579349150
1702461170587690475
1702461170596031800
1702461170604373125
1702461170612714450
1702461170621055775
1702461170629397100
1702461170637738425
1702461170646079750
1702461170654421075
1702461170662762400
1702461170671103725
1702461170679445050
1702461170687786375
1702461170696127700
1702461170704469025
1702461170712810350
1702461170721151675
1702461170729493000
1702461170737834325
1702461170746175650
1702461170754516975
1702461170762858300
1702461170771199625
1702461170779540950
1702461170787882275
1702461170796223600
1702461170804564925
1702461170812906250
1702461170821247575
1702461170829588900
1702461170837930225
1702461170846271550
1702461170854612875
1702461170862954200
1702461170871295525
1702461170879636850
1702461170887978175
1702461170896319500
1702461170904660825
1702461170913002150
1702461170921343475
1702461170929684800
1702461170938026125
1702461170946367450
1702461170954708775
1702461170963050100
1702461170971391425
1702461170979732750
1702461170988074075
1702461170996415400
1702461171004756725
1702461171013098050
1702461171021439375
1702461171029780700
1702461171038122025
1702461171046463350
1702461171054804675
1702461171063146000
1702461171071487341
1702461171079828683
1702461171088170025
1702461171096511366
1702461171104852708
1702461171113194050
1702461171121535391
1702461171129876733
1702461171138218075
1702461171146559416
1702461171154900758
1702461171163242100
1702461171171583441
1702461171179924783
1702461171188266125
1702461171196607466
1702461171204948808
1702461171213290150
1702461171221631491
1702461171229972833
1702461171238314175
1702461171246655516
1702461171254996858
1702461171263338200
1702461171271679541
1702461171280020883
1702461171288362225
1702461171296703566
1702461171305044908
1702461171313386250
1702461171321727591
1702461171330068933
1702461171338410275
1702461171346751616
1702461171355092958
1702461171363434300
1702461171371775641
1702461171380116983
1702461171388458325
1702461171396799666
1702461171405141008
1702461171413482350
1702461171421823691
1702461171430165033
1702461171438506375
1702461171446847716
1702461171455189058
1702461171463530400
1702461171471871741
1702461171480213083
1702461171488554425
1702461171496895766
1702461171505237108
1702461171513578450
1702461171521919791
1702461171530261133
1702461171538602475
1702461171546943816
1702461171555285158
1702461171563626500
1702461171571967841
1702461171580309183
1702461171588650525
1702461171596991866
1702461171605333208
1702461171613674550
1702461171622015891
1702461171630357233
1702461171638698575
1702461171647039916
1702461171655381258
1702461171663722600
1702461171672063941
1702461171680405283
1702461171688746625
1702461171697087966
1702461171705429308
1702461171713770650
1702461171722111991
1702461171730453333
1702461171738794675
1702461171747136016
1702461171755477358
1702461171763818700
1702461171772160041
1702461171780501383
1702461171788842725
1702461171797184066
1702461171805525408
1702461171813866750
1702461171822208091
1702461171830549433
1702461171838890775
1702461171847232116
1702461171855573458
1702461171863914800
1702461171872256141
1702461171880597483
1702461171888938825
1702461171897280166
1702461171905621508
1702461171913962850
1702461171922304191
1702461171930645533
1702461171938986875
1702461171947328216
1702461171955669558
1702461171964010900
1702461171972352241
1702461171980693583
1702461171989034925
1702461171997376266
1702461172005717608
1702461172014058950
1702461172022400291
1702461172030741633
1702461172039082975
1702461172047424316
1702461172055765658
1702461172064107000
1702461172072449825
1702461172080792650
1702461172089135475
1702461172097478300
1702461172105821125
1702461172114163950
1702461172122506775
1702461172130849600
1702461172139192425
1702461172147535250
1702461172155878075
1702461172164220900
1702461172172563725
1702461172180906550
1702461172189249375
1702461172197592200
1702461172205935025
1702461172214277850
1702461172222620675
1702461172230963500
1702461172239306325
1702461172247649150
1702461172255991975
1702461172264334800
1702461172272677625
1702461172281020450
1702461172289363275
1702461172297706100
1702461172306048925
1702461172314391750
1702461172322734575
1702461172331077400
1702461172339420225
1702461172347763050
1702461172356105875
1702461172364448700
1702461172372791525
1702461172381134350
1702461172389477175
1702461172397820000
1702461172406162825
1702461172414505650
1702461172422848475
1702461172431191300
1702461172439534125
1702461172447876950
1702461172456219775
1702461172464562600
1702461172472905425
1702461172481248250
1702461172489591075
1702461172497933900
1702461172506276725
1702461172514619550
1702461172522962375
1702461172531305200
1702461172539648025
1702461172547990850
1702461172556333675
1702461172564676500
1702461172573019325
1702461172581362150
1702461172589704975
1702461172598047800
1702461172606390625
1702461172614733450
1702461172623076275
1702461172631419100
1702461172639761925
1702461172648104750
1702461172656447575
1702461172664790400
1702461172673133225
1702461172681476050
1702461172689818875
1702461172698161700
1702461172706504525
1702461172714847350
1702461172723190175
1702461172731533000
1702461172739875825
1702461172748218650
1702461172756561475
1702461172764904300
1702461172773247125
1702461172781589950
1702461172789932775
1702461172798275600
1702461172806618425
1702461172814961250
1702461172823304075
1702461172831646900
1702461172839989725
1702461172848332550
1702461172856675375
1702461172865018200
1702461172873361025
1702461172881703850
1702461172890046675
1702461172898389500
1702461172906732325
1702461172915075150
1702461172923417975
1702461172931760800
1702461172940103625
1702461172948446450
1702461172956789275
1702461172965132100
1702461172973474925
1702461172981817750
1702461172990160575
1702461172998503400
1702461173006846225
1702461173015189050
1702461173023531875
1702461173031874700
1702461173040217525
1702461173048560350
1702461173056903175
