1702461141034348000
1702461141051030650
1702461141067713300
1702461141084395950
1702461141101078600
1702461141117761250
1702461141134443900
1702461141151126550
1702461141167809200
1702461141184491850
1702461141201174500
1702461141217857150
1702461141234539800
1702461141251222450
1702461141267905100
1702461141284587750
1702461141301270400
1702461141317953050
1702461141334635700
1702461141351318350
1702461141368001000
1702461141384683650
1702461141401366300
1702461141418048950
1702461141434731600
1702461141451414250
1702461141468096900
1702461141484779550
1702461141501462200
1702461141518144850
1702461141534827500
1702461141551510150
1702461141568192800
1702461141584875450
1702461141601558100
1702461141618240750
1702461141634923400
1702461141651606050
1702461141668288700
1702461141684971350
1702461141701654000
1702461141718336650
1702461141735019300
1702461141751701950
1702461141768384600
1702461141785067250
1702461141801749900
1702461141818432550
1702461141835115200
1702461141851797850
1702461141868480500
1702461141885163150
1702461141901845800
1702461141918528450
1702461141935211100
1702461141951893750
1702461141968576400
1702461141985259050
1702461142001941700
1702461142018624350
1702461142035307000
1702461142051989683
1702461142068672366
1702461142085355050
1702461142102037733
1702461142118720416
1702461142135403100
1702461142152085783
1702461142168768466
1702461142185451150
1702461142202133833
1702461142218816516
1702461142235499200
1702461142252181883
1702461142268864566
1702461142285547250
1702461142302229933
1702461142318912616
1702461142335595300
1702461142352277983
1702461142368960666
1702461142385643350
1702461142402326033
1702461142419008716
1702461142435691400
1702461142452374083
1702461142469056766
1702461142485739450
1702461142502422133
1702461142519104816
1702461142535787500
1702461142552470183
1702461142569152866
1702461142585835550
1702461142602518233
1702461142619200916
1702461142635883600
1702461142652566283
1702461142669248966
1702461142685931650
1702461142702614333
1702461142719297016
1702461142735979700
1702461142752662383
1702461142769345066
1702461142786027750
1702461142802710433
1702461142819393116
1702461142836075800
1702461142852758483
1702461142869441166
1702461142886123850
1702461142902806533
1702461142919489216
1702461142936171900
1702461142952854583
1702461142969537266
1702461142986219950
1702461143002902633
1702461143019585316
1702461143036268000
1702461143052950666
1702461143069633333
1702461143086316000
1702461143102998666
1702461143119681333
1702461143136364000
1702461143153046666
1702461143169729333
1702461143186412000
1702461143203094666
1702461143219777333
1702461143236460000
1702461143253142666
1702461143269825333
1702461143286508000
1702461143303190666
1702461143319873333
1702461143336556000
1702461143353238666
1702461143369921333
1702461143386604000
1702461143403286666
1702461143419969333
1702461143436652000
1702461143453334666
1702461143470017333
1702461143486700000
1702461143503382666
1702461143520065333
1702461143536748000
1702461143553430666
1702461143570113333
1702461143586796000
1702461143603478666
1702461143620161333
1702461143636844000
1702461143653526666
1702461143670209333
1702461143686892000
1702461143703574666
1702461143720257333
1702461143736940000
1702461143753622666
1702461143770305333
1702461143786988000
1702461143803670666
1702461143820353333
1702461143837036000
1702461143853718666
1702461143870401333
1702461143887084000
1702461143903766666
1702461143920449333
1702461143937132000
1702461143953814666
1702461143970497333
1702461143987180000
1702461144003862666
1702461144020545333
1702461144037228000
1702461144053910666
1702461144070593333
1702461144087276000
1702461144103958666
1702461144120641333
1702461144137324000
1702461144154006666
1702461144170689333
1702461144187372000
1702461144204054666
1702461144220737333
1702461144237420000
1702461144254102666
1702461144270785333
1702461144287468000
1702461144304150666
1702461144320833333
1702461144337516000
1702461144354198666
1702461144370881333
1702461144387564000
1702461144404246666
1702461144420929333
1702461144437612000
1702461144454294666
1702461144470977333
1702461144487660000
1702461144504342666
1702461144521025333
1702461144537708000
1702461144554390666
1702461144571073333
1702461144587756000
1702461144604438666
1702461144621121333
1702461144637804000
1702461144654486666
1702461144671169333
1702461144687852000
1702461144704534666
1702461144721217333
1702461144737900000
1702461144754582666
1702461144771265333
1702461144787948000
1702461144804630666
1702461144821313333
1702461144837996000
1702461144854678666
1702461144871361333
1702461144888044000
1702461144904726666
1702461144921409333
1702461144938092000
1702461144954774666
1702461144971457333
1702461144988140000
1702461145004822666
1702461145021505333
1702461145038188000
1702461145054870650
1702461145071553300
1702461145088235950
1702461145104918600
1702461145121601250
1702461145138283900
1702461145154966550
1702461145171649200
1702461145188331850
1702461145205014500
1702461145221697150
1702461145238379800
1702461145255062450
1702461145271745100
1702461145288427750
1702461145305110400
1702461145321793050
1702461145338475700
1702461145355158350
1702461145371841000
1702461145388523650
1702461145405206300
1702461145421888950
1702461145438571600
1702461145455254250
1702461145471936900
1702461145488619550
1702461145505302200
1702461145521984850
1702461145538667500
1702461145555350150
1702461145572032800
1702461145588715450
1702461145605398100
1702461145622080750
1702461145638763400
1702461145655446050
1702461145672128700
1702461145688811350
1702461145705494000
1702461145722176650
1702461145738859300
1702461145755541950
1702461145772224600
1702461145788907250
1702461145805589900
1702461145822272550
1702461145838955200
1702461145855637850
1702461145872320500
1702461145889003150
1702461145905685800
1702461145922368450
1702461145939051100
1702461145955733750
1702461145972416400
1702461145989099050
1702461146005781700
1702461146022464350
1702461146039147000
1702461146055829650
1702461146072512300
1702461146089194950
1702461146105877600
1702461146122560250
1702461146139242900
1702461146155925550
1702461146172608200
1702461146189290850
1702461146205973500
1702461146222656150
1702461146239338800
1702461146256021450
1702461146272704100
1702461146289386750
1702461146306069400
1702461146322752050
1702461146339434700
1702461146356117350
1702461146372800000
1702461146389482650
1702461146406165300
1702461146422847950
1702461146439530600
1702461146456213250
1702461146472895900
1702461146489578550
1702461146506261200
1702461146522943850
1702461146539626500
1702461146556309150
1702461146572991800
1702461146589674450
1702461146606357100
1702461146623039750
1702461146639722400
1702461146656405050
1702461146673087700
1702461146689770350
1702461146706453000
1702461146723135650
1702461146739818300
1702461146756500950
1702461146773183600
1702461146789866250
1702461146806548900
1702461146823231550
1702461146839914200
1702461146856596850
1702461146873279500
1702461146889962150
1702461146906644800
1702461146923327450
1702461146940010100
1702461146956692750
1702461146973375400
1702461146990058050
1702461147006740700
1702461147023423350
1702461147040106000
1702461147056788683
1702461147073471366
1702461147090154050
1702461147106836733
1702461147123519416
1702461147140202100
1702461147156884783
1702461147173567466
1702461147190250150
1702461147206932833
1702461147223615516
1702461147240298200
1702461147256980883
1702461147273663566
1702461147290346250
1702461147307028933
1702461147323711616
1702461147340394300
1702461147357076983
1702461147373759666
1702461147390442350
1702461147407125033
1702461147423807716
1702461147440490400
1702461147457173083
1702461147473855766
1702461147490538450
1702461147507221133
1702461147523903816
1702461147540586500
1702461147557269183
1702461147573951866
1702461147590634550
1702461147607317233
1702461147623999916
1702461147640682600
1702461147657365283
1702461147674047966
1702461147690730650
1702461147707413333
1702461147724096016
1702461147740778700
1702461147757461383
1702461147774144066
1702461147790826750
1702461147807509433
1702461147824192116
1702461147840874800
1702461147857557483
1702461147874240166
1702461147890922850
1702461147907605533
1702461147924288216
1702461147940970900
1702461147957653583
1702461147974336266
1702461147991018950
1702461148007701633
1702461148024384316
1702461148041067000
1702461148057749650
1702461148074432300
1702461148091114950
1702461148107797600
1702461148124480250
1702461148141162900
1702461148157845550
1702461148174528200
1702461148191210850
1702461148207893500
1702461148224576150
1702461148241258800
1702461148257941450
1702461148274624100
1702461148291306750
1702461148307989400
1702461148324672050
1702461148341354700
1702461148358037350
1702461148374720000
1702461148391402650
1702461148408085300
1702461148424767950
1702461148441450600
1702461148458133250
1702461148474815900
1702461148491498550
1702461148508181200
1702461148524863850
1702461148541546500
1702461148558229150
1702461148574911800
1702461148591594450
1702461148608277100
1702461148624959750
1702461148641642400
1702461148658325050
1702461148675007700
1702461148691690350
1702461148708373000
1702461148725055650
1702461148741738300
1702461148758420950
1702461148775103600
1702461148791786250
1702461148808468900
1702461148825151550
1702461148841834200
1702461148858516850
1702461148875199500
1702461148891882150
1702461148908564800
1702461148925247450
1702461148941930100
1702461148958612750
1702461148975295400
1702461148991978050
1702461149008660700
1702461149025343350
1702461149042026000
1702461149058708683
1702461149075391366
1702461149092074050
1702461149108756733
1702461149125439416
1702461149142122100
1702461149158804783
1702461149175487466
1702461149192170150
1702461149208852833
1702461149225535516
1702461149242218200
1702461149258900883
1702461149275583566
1702461149292266250
1702461149308948933
1702461149325631616
1702461149342314300
1702461149358996983
1702461149375679666
1702461149392362350
1702461149409045033
1702461149425727716
1702461149442410400
1702461149459093083
1702461149475775766
1702461149492458450
1702461149509141133
1702461149525823816
1702461149542506500
1702461149559189183
1702461149575871866
1702461149592554550
1702461149609237233
1702461149625919916
1702461149642602600
1702461149659285283
1702461149675967966
1702461149692650650
1702461149709333333
1702461149726016016
1702461149742698700
1702461149759381383
1702461149776064066
1702461149792746750
1702461149809429433
1702461149826112116
1702461149842794800
1702461149859477483
1702461149876160166
1702461149892842850
1702461149909525533
1702461149926208216
1702461149942890900
1702461149959573583
1702461149976256266
1702461149992938950
1702461150009621633
1702461150026304316
1702461150042987000
1702461150059669650
1702461150076352300
1702461150093034950
1702461150109717600
1702461150126400250
1702461150143082900
1702461150159765550
1702461150176448200
1702461150193130850
1702461150209813500
1702461150226496150
1702461150243178800
1702461150259861450
1702461150276544100
1702461150293226750
1702461150309909400
1702461150326592050
1702461150343274700
1702461150359957350
1702461150376640000
1702461150393322650
1702461150410005300
1702461150426687950
1702461150443370600
1702461150460053250
1702461150476735900
1702461150493418550
1702461150510101200
1702461150526783850
1702461150543466500
1702461150560149150
1702461150576831800
1702461150593514450
1702461150610197100
1702461150626879750
1702461150643562400
1702461150660245050
1702461150676927700
1702461150693610350
1702461150710293000
1702461150726975650
1702461150743658300
1702461150760340950
1702461150777023600
1702461150793706250
1702461150810388900
1702461150827071550
1702461150843754200
1702461150860436850
1702461150877119500
1702461150893802150
1702461150910484800
1702461150927167450
1702461150943850100
1702461150960532750
1702461150977215400
1702461150993898050
1702461151010580700
1702461151027263350
1702461151043946000
1702461151060628683
1702461151077311366
1702461151093994050
1702461151110676733
1702461151127359416
1702461151144042100
1702461151160724783
1702461151177407466
1702461151194090150
1702461151210772833
1702461151227455516
1702461151244138200
1702461151260820883
1702461151277503566
1702461151294186250
1702461151310868933
1702461151327551616
1702461151344234300
1702461151360916983
1702461151377599666
1702461151394282350
1702461151410965033
1702461151427647716
1702461151444330400
1702461151461013083
1702461151477695766
1702461151494378450
1702461151511061133
1702461151527743816
1702461151544426500
1702461151561109183
1702461151577791866
1702461151594474550
1702461151611157233
1702461151627839916
1702461151644522600
1702461151661205283
1702461151677887966
1702461151694570650
1702461151711253333
1702461151727936016
1702461151744618700
1702461151761301383
1702461151777984066
1702461151794666750
1702461151811349433
1702461151828032116
1702461151844714800
1702461151861397483
1702461151878080166
1702461151894762850
1702461151911445533
1702461151928128216
1702461151944810900
1702461151961493583
1702461151978176266
1702461151994858950
1702461152011541633
1702461152028224316
1702461152044907000
1702461152061589650
1702461152078272300
1702461152094954950
1702461152111637600
1702461152128320250
1702461152145002900
1702461152161685550
1702461152178368200
1702461152195050850
1702461152211733500
1702461152228416150
1702461152245098800
1702461152261781450
1702461152278464100
1702461152295146750
1702461152311829400
1702461152328512050
1702461152345194700
1702461152361877350
1702461152378560000
1702461152395242650
1702461152411925300
1702461152428607950
1702461152445290600
1702461152461973250
1702461152478655900
1702461152495338550
1702461152512021200
1702461152528703850
1702461152545386500
1702461152562069150
1702461152578751800
1702461152595434450
1702461152612117100
1702461152628799750
1702461152645482400
1702461152662165050
1702461152678847700
1702461152695530350
1702461152712213000
1702461152728895650
1702461152745578300
1702461152762260950
1702461152778943600
1702461152795626250
1702461152812308900
1702461152828991550
1702461152845674200
1702461152862356850
1702461152879039500
1702461152895722150
1702461152912404800
1702461152929087450
1702461152945770100
1702461152962452750
1702461152979135400
1702461152995818050
1702461153012500700
1702461153029183350
1702461153045866000
1702461153062548683
1702461153079231366
1702461153095914050
1702461153112596733
1702461153129279416
1702461153145962100
1702461153162644783
1702461153179327466
1702461153196010150
1702461153212692833
1702461153229375516
1702461153246058200
1702461153262740883
1702461153279423566
1702461153296106250
1702461153312788933
1702461153329471616
1702461153346154300
1702461153362836983
1702461153379519666
1702461153396202350
1702461153412885033
1702461153429567716
1702461153446250400
1702461153462933083
1702461153479615766
1702461153496298450
1702461153512981133
1702461153529663816
1702461153546346500
1702461153563029183
1702461153579711866
1702461153596394550
1702461153613077233
1702461153629759916
1702461153646442600
1702461153663125283
1702461153679807966
1702461153696490650
1702461153713173333
1702461153729856016
1702461153746538700
1702461153763221383
1702461153779904066
1702461153796586750
1702461153813269433
1702461153829952116
1702461153846634800
1702461153863317483
1702461153880000166
1702461153896682850
1702461153913365533
1702461153930048216
1702461153946730900
1702461153963413583
1702461153980096266
1702461153996778950
1702461154013461633
1702461154030144316
1702461154046827000
1702461154063509650
1702461154080192300
1702461154096874950
1702461154113557600
1702461154130240250
1702461154146922900
1702461154163605550
1702461154180288200
1702461154196970850
1702461154213653500
1702461154230336150
1702461154247018800
1702461154263701450
1702461154280384100
1702461154297066750
1702461154313749400
1702461154330432050
1702461154347114700
1702461154363797350
1702461154380480000
1702461154397162650
1702461154413845300
1702461154430527950
1702461154447210600
1702461154463893250
1702461154480575900
1702461154497258550
1702461154513941200
1702461154530623850
1702461154547306500
1702461154563989150
1702461154580671800
1702461154597354450
1702461154614037100
1702461154630719750
1702461154647402400
1702461154664085050
1702461154680767700
1702461154697450350
1702461154714133000
1702461154730815650
1702461154747498300
1702461154764180950
1702461154780863600
1702461154797546250
1702461154814228900
1702461154830911550
1702461154847594200
1702461154864276850
1702461154880959500
1702461154897642150
1702461154914324800
1702461154931007450
1702461154947690100
1702461154964372750
1702461154981055400
1702461154997738050
1702461155014420700
1702461155031103350
1702461155047786000
1702461155064468683
1702461155081151366
1702461155097834050
1702461155114516733
1702461155131199416
1702461155147882100
1702461155164564783
1702461155181247466
1702461155197930150
1702461155214612833
1702461155231295516
1702461155247978200
1702461155264660883
1702461155281343566
1702461155298026250
1702461155314708933
1702461155331391616
1702461155348074300
1702461155364756983
1702461155381439666
1702461155398122350
1702461155414805033
1702461155431487716
1702461155448170400
1702461155464853083
1702461155481535766
1702461155498218450
1702461155514901133
1702461155531583816
1702461155548266500
1702461155564949183
1702461155581631866
1702461155598314550
1702461155614997233
1702461155631679916
1702461155648362600
1702461155665045283
1702461155681727966
1702461155698410650
1702461155715093333
1702461155731776016
1702461155748458700
1702461155765141383
1702461155781824066
1702461155798506750
1702461155815189433
1702461155831872116
1702461155848554800
1702461155865237483
1702461155881920166
1702461155898602850
1702461155915285533
1702461155931968216
1702461155948650900
1702461155965333583
1702461155982016266
1702461155998698950
1702461156015381633
1702461156032064316
1702461156048747000
1702461156065429650
1702461156082112300
1702461156098794950
1702461156115477600
1702461156132160250
1702461156148842900
1702461156165525550
1702461156182208200
1702461156198890850
1702461156215573500
1702461156232256150
1702461156248938800
1702461156265621450
1702461156282304100
1702461156298986750
1702461156315669400
1702461156332352050
1702461156349034700
1702461156365717350
1702461156382400000
1702461156399082650
1702461156415765300
1702461156432447950
1702461156449130600
1702461156465813250
1702461156482495900
1702461156499178550
1702461156515861200
1702461156532543850
1702461156549226500
1702461156565909150
1702461156582591800
1702461156599274450
1702461156615957100
1702461156632639750
1702461156649322400
1702461156666005050
1702461156682687700
1702461156699370350
1702461156716053000
1702461156732735650
1702461156749418300
1702461156766100950
1702461156782783600
1702461156799466250
1702461156816148900
1702461156832831550
1702461156849514200
1702461156866196850
1702461156882879500
1702461156899562150
1702461156916244800
1702461156932927450
1702461156949610100
1702461156966292750
1702461156982975400
1702461156999658050
1702461157016340700
1702461157033023350
1702461157049706000
1702461157066388683
1702461157083071366
1702461157099754050
1702461157116436733
1702461157133119416
1702461157149802100
1702461157166484783
1702461157183167466
1702461157199850150
1702461157216532833
1702461157233215516
1702461157249898200
1702461157266580883
1702461157283263566
1702461157299946250
1702461157316628933
1702461157333311616
1702461157349994300
1702461157366676983
1702461157383359666
1702461157400042350
1702461157416725033
1702461157433407716
1702461157450090400
1702461157466773083
1702461157483455766
1702461157500138450
1702461157516821133
1702461157533503816
1702461157550186500
1702461157566869183
1702461157583551866
1702461157600234550
1702461157616917233
1702461157633599916
1702461157650282600
1702461157666965283
1702461157683647966
1702461157700330650
1702461157717013333
1702461157733696016
1702461157750378700
1702461157767061383
1702461157783744066
1702461157800426750
1702461157817109433
1702461157833792116
1702461157850474800
1702461157867157483
1702461157883840166
1702461157900522850
1702461157917205533
1702461157933888216
1702461157950570900
1702461157967253583
1702461157983936266
1702461158000618950
1702461158017301633
1702461158033984316
1702461158050667000
1702461158067349650
1702461158084032300
1702461158100714950
1702461158117397600
1702461158134080250
1702461158150762900
1702461158167445550
1702461158184128200
1702461158200810850
1702461158217493500
1702461158234176150
1702461158250858800
1702461158267541450
1702461158284224100
1702461158300906750
1702461158317589400
1702461158334272050
1702461158350954700
1702461158367637350
1702461158384320000
1702461158401002650
1702461158417685300
1702461158434367950
1702461158451050600
1702461158467733250
1702461158484415900
1702461158501098550
1702461158517781200
1702461158534463850
1702461158551146500
1702461158567829150
1702461158584511800
1702461158601194450
1702461158617877100
1702461158634559750
1702461158651242400
1702461158667925050
1702461158684607700
1702461158701290350
1702461158717973000
1702461158734655650
1702461158751338300
1702461158768020950
1702461158784703600
1702461158801386250
1702461158818068900
1702461158834751550
1702461158851434200
1702461158868116850
1702461158884799500
1702461158901482150
1702461158918164800
1702461158934847450
1702461158951530100
1702461158968212750
1702461158984895400
1702461159001578050
1702461159018260700
1702461159034943350
1702461159051626000
1702461159068308683
1702461159084991366
1702461159101674050
1702461159118356733
1702461159135039416
1702461159151722100
1702461159168404783
1702461159185087466
1702461159201770150
1702461159218452833
1702461159235135516
1702461159251818200
1702461159268500883
1702461159285183566
1702461159301866250
1702461159318548933
1702461159335231616
1702461159351914300
1702461159368596983
1702461159385279666
1702461159401962350
1702461159418645033
1702461159435327716
1702461159452010400
1702461159468693083
1702461159485375766
1702461159502058450
1702461159518741133
1702461159535423816
1702461159552106500
1702461159568789183
1702461159585471866
1702461159602154550
1702461159618837233
1702461159635519916
1702461159652202600
1702461159668885283
1702461159685567966
1702461159702250650
1702461159718933333
1702461159735616016
1702461159752298700
1702461159768981383
1702461159785664066
1702461159802346750
1702461159819029433
1702461159835712116
1702461159852394800
1702461159869077483
1702461159885760166
1702461159902442850
1702461159919125533
1702461159935808216
1702461159952490900
1702461159969173583
1702461159985856266
1702461160002538950
1702461160019221633
1702461160035904316
1702461160052587000
1702461160069269650
1702461160085952300
1702461160102634950
1702461160119317600
1702461160136000250
1702461160152682900
1702461160169365550
1702461160186048200
1702461160202730850
1702461160219413500
1702461160236096150
1702461160252778800
1702461160269461450
1702461160286144100
1702461160302826750
1702461160319509400
1702461160336192050
1702461160352874700
1702461160369557350
1702461160386240000
1702461160402922650
1702461160419605300
1702461160436287950
1702461160452970600
1702461160469653250
1702461160486335900
1702461160503018550
1702461160519701200
1702461160536383850
1702461160553066500
1702461160569749150
1702461160586431800
1702461160603114450
1702461160619797100
1702461160636479750
1702461160653162400
1702461160669845050
1702461160686527700
1702461160703210350
1702461160719893000
1702461160736575650
1702461160753258300
1702461160769940950
1702461160786623600
1702461160803306250
1702461160819988900
1702461160836671550
1702461160853354200
1702461160870036850
1702461160886719500
1702461160903402150
1702461160920084800
1702461160936767450
1702461160953450100
1702461160970132750
1702461160986815400
1702461161003498050
1702461161020180700
1702461161036863350
1702461161053546000
1702461161070228683
1702461161086911366
1702461161103594050
1702461161120276733
1702461161136959416
1702461161153642100
1702461161170324783
1702461161187007466
1702461161203690150
1702461161220372833
1702461161237055516
1702461161253738200
1702461161270420883
1702461161287103566
1702461161303786250
1702461161320468933
1702461161337151616
1702461161353834300
1702461161370516983
1702461161387199666
1702461161403882350
1702461161420565033
1702461161437247716
1702461161453930400
1702461161470613083
1702461161487295766
1702461161503978450
1702461161520661133
1702461161537343816
1702461161554026500
1702461161570709183
1702461161587391866
1702461161604074550
1702461161620757233
1702461161637439916
1702461161654122600
1702461161670805283
1702461161687487966
1702461161704170650
1702461161720853333
1702461161737536016
1702461161754218700
1702461161770901383
1702461161787584066
1702461161804266750
1702461161820949433
1702461161837632116
1702461161854314800
1702461161870997483
1702461161887680166
1702461161904362850
1702461161921045533
1702461161937728216
1702461161954410900
1702461161971093583
1702461161987776266
1702461162004458950
1702461162021141633
1702461162037824316
1702461162054507000
1702461162071189650
1702461162087872300
1702461162104554950
1702461162121237600
1702461162137920250
1702461162154602900
1702461162171285550
1702461162187968200
1702461162204650850
1702461162221333500
1702461162238016150
1702461162254698800
1702461162271381450
1702461162288064100
1702461162304746750
1702461162321429400
1702461162338112050
1702461162354794700
1702461162371477350
1702461162388160000
1702461162404842650
1702461162421525300
1702461162438207950
1702461162454890600
1702461162471573250
1702461162488255900
1702461162504938550
1702461162521621200
1702461162538303850
1702461162554986500
1702461162571669150
1702461162588351800
1702461162605034450
1702461162621717100
1702461162638399750
1702461162655082400
1702461162671765050
1702461162688447700
1702461162705130350
1702461162721813000
1702461162738495650
1702461162755178300
1702461162771860950
1702461162788543600
1702461162805226250
1702461162821908900
1702461162838591550
1702461162855274200
1702461162871956850
1702461162888639500
1702461162905322150
1702461162922004800
1702461162938687450
1702461162955370100
1702461162972052750
1702461162988735400
1702461163005418050
1702461163022100700
1702461163038783350
1702461163055466000
1702461163072148683
1702461163088831366
1702461163105514050
1702461163122196733
1702461163138879416
1702461163155562100
1702461163172244783
1702461163188927466
1702461163205610150
1702461163222292833
1702461163238975516
1702461163255658200
1702461163272340883
1702461163289023566
1702461163305706250
1702461163322388933
1702461163339071616
1702461163355754300
1702461163372436983
1702461163389119666
1702461163405802350
1702461163422485033
1702461163439167716
1702461163455850400
1702461163472533083
1702461163489215766
1702461163505898450
1702461163522581133
1702461163539263816
1702461163555946500
1702461163572629183
1702461163589311866
1702461163605994550
1702461163622677233
1702461163639359916
1702461163656042600
1702461163672725283
1702461163689407966
1702461163706090650
1702461163722773333
1702461163739456016
1702461163756138700
1702461163772821383
1702461163789504066
1702461163806186750
1702461163822869433
1702461163839552116
1702461163856234800
1702461163872917483
1702461163889600166
1702461163906282850
1702461163922965533
1702461163939648216
1702461163956330900
1702461163973013583
1702461163989696266
1702461164006378950
1702461164023061633
1702461164039744316
1702461164056427000
1702461164073109650
1702461164089792300
1702461164106474950
1702461164123157600
1702461164139840250
1702461164156522900
1702461164173205550
1702461164189888200
1702461164206570850
1702461164223253500
1702461164239936150
1702461164256618800
1702461164273301450
1702461164289984100
1702461164306666750
1702461164323349400
1702461164340032050
1702461164356714700
1702461164373397350
1702461164390080000
1702461164406762650
1702461164423445300
1702461164440127950
1702461164456810600
1702461164473493250
1702461164490175900
1702461164506858550
1702461164523541200
1702461164540223850
1702461164556906500
1702461164573589150
1702461164590271800
1702461164606954450
1702461164623637100
1702461164640319750
1702461164657002400
1702461164673685050
1702461164690367700
1702461164707050350
1702461164723733000
1702461164740415650
1702461164757098300
1702461164773780950
1702461164790463600
1702461164807146250
1702461164823828900
1702461164840511550
1702461164857194200
1702461164873876850
1702461164890559500
1702461164907242150
1702461164923924800
1702461164940607450
1702461164957290100
1702461164973972750
1702461164990655400
1702461165007338050
1702461165024020700
1702461165040703350
1702461165057386000
1702461165074068683
1702461165090751366
1702461165107434050
1702461165124116733
1702461165140799416
1702461165157482100
1702461165174164783
1702461165190847466
1702461165207530150
1702461165224212833
1702461165240895516
1702461165257578200
1702461165274260883
1702461165290943566
1702461165307626250
1702461165324308933
1702461165340991616
1702461165357674300
1702461165374356983
1702461165391039666
1702461165407722350
1702461165424405033
1702461165441087716
1702461165457770400
1702461165474453083
1702461165491135766
1702461165507818450
1702461165524501133
1702461165541183816
1702461165557866500
1702461165574549183
1702461165591231866
1702461165607914550
1702461165624597233
1702461165641279916
1702461165657962600
1702461165674645283
1702461165691327966
1702461165708010650
1702461165724693333
1702461165741376016
1702461165758058700
1702461165774741383
1702461165791424066
1702461165808106750
1702461165824789433
1702461165841472116
1702461165858154800
1702461165874837483
1702461165891520166
1702461165908202850
1702461165924885533
1702461165941568216
1702461165958250900
1702461165974933583
1702461165991616266
1702461166008298950
1702461166024981633
1702461166041664316
1702461166058347000
1702461166075029650
1702461166091712300
1702461166108394950
1702461166125077600
1702461166141760250
1702461166158442900
1702461166175125550
1702461166191808200
1702461166208490850
1702461166225173500
1702461166241856150
1702461166258538800
1702461166275221450
1702461166291904100
1702461166308586750
1702461166325269400
1702461166341952050
1702461166358634700
1702461166375317350
1702461166392000000
1702461166408682650
1702461166425365300
1702461166442047950
1702461166458730600
1702461166475413250
1702461166492095900
1702461166508778550
1702461166525461200
1702461166542143850
1702461166558826500
1702461166575509150
1702461166592191800
1702461166608874450
1702461166625557100
1702461166642239750
1702461166658922400
1702461166675605050
1702461166692287700
1702461166708970350
1702461166725653000
1702461166742335650
1702461166759018300
1702461166775700950
1702461166792383600
1702461166809066250
1702461166825748900
1702461166842431550
1702461166859114200
1702461166875796850
1702461166892479500
1702461166909162150
1702461166925844800
1702461166942527450
1702461166959210100
1702461166975892750
1702461166992575400
1702461167009258050
1702461167025940700
1702461167042623350
1702461167059306000
1702461167075988683
1702461167092671366
1702461167109354050
1702461167126036733
1702461167142719416
1702461167159402100
1702461167176084783
1702461167192767466
1702461167209450150
1702461167226132833
1702461167242815516
1702461167259498200
1702461167276180883
1702461167292863566
1702461167309546250
1702461167326228933
1702461167342911616
1702461167359594300
1702461167376276983
1702461167392959666
1702461167409642350
1702461167426325033
1702461167443007716
1702461167459690400
1702461167476373083
1702461167493055766
1702461167509738450
1702461167526421133
1702461167543103816
1702461167559786500
1702461167576469183
1702461167593151866
1702461167609834550
1702461167626517233
1702461167643199916
1702461167659882600
1702461167676565283
1702461167693247966
1702461167709930650
1702461167726613333
1702461167743296016
1702461167759978700
1702461167776661383
1702461167793344066
1702461167810026750
1702461167826709433
1702461167843392116
1702461167860074800
1702461167876757483
1702461167893440166
1702461167910122850
1702461167926805533
1702461167943488216
1702461167960170900
1702461167976853583
1702461167993536266
1702461168010218950
1702461168026901633
1702461168043584316
1702461168060267000
1702461168076949650
1702461168093632300
1702461168110314950
1702461168126997600
1702461168143680250
1702461168160362900
1702461168177045550
1702461168193728200
1702461168210410850
1702461168227093500
1702461168243776150
1702461168260458800
1702461168277141450
1702461168293824100
1702461168310506750
1702461168327189400
1702461168343872050
1702461168360554700
1702461168377237350
1702461168393920000
1702461168410602650
1702461168427285300
1702461168443967950
1702461168460650600
1702461168477333250
1702461168494015900
1702461168510698550
1702461168527381200
1702461168544063850
1702461168560746500
1702461168577429150
1702461168594111800
1702461168610794450
1702461168627477100
1702461168644159750
1702461168660842400
1702461168677525050
1702461168694207700
1702461168710890350
1702461168727573000
1702461168744255650
1702461168760938300
1702461168777620950
1702461168794303600
1702461168810986250
1702461168827668900
1702461168844351550
1702461168861034200
1702461168877716850
1702461168894399500
1702461168911082150
1702461168927764800
1702461168944447450
1702461168961130100
1702461168977812750
1702461168994495400
1702461169011178050
1702461169027860700
1702461169044543350
1702461169061226000
1702461169077908683
1702461169094591366
1702461169111274050
1702461169127956733
1702461169144639416
1702461169161322100
1702461169178004783
1702461169194687466
1702461169211370150
1702461169228052833
1702461169244735516
1702461169261418200
1702461169278100883
1702461169294783566
1702461169311466250
1702461169328148933
1702461169344831616
1702461169361514300
1702461169378196983
1702461169394879666
1702461169411562350
1702461169428245033
1702461169444927716
1702461169461610400
1702461169478293083
1702461169494975766
1702461169511658450
1702461169528341133
1702461169545023816
1702461169561706500
1702461169578389183
1702461169595071866
1702461169611754550
1702461169628437233
1702461169645119916
1702461169661802600
1702461169678485283
1702461169695167966
1702461169711850650
1702461169728533333
1702461169745216016
1702461169761898700
1702461169778581383
1702461169795264066
1702461169811946750
1702461169828629433
1702461169845312116
1702461169861994800
1702461169878677483
1702461169895360166
1702461169912042850
1702461169928725533
1702461169945408216
1702461169962090900
1702461169978773583
1702461169995456266
1702461170012138950
1702461170028821633
1702461170045504316
1702461170062187000
1702461170078869650
1702461170095552300
1702461170112234950
1702461170128917600
1702461170145600250
1702461170162282900
1702461170178965550
1702461170195648200
1702461170212330850
1702461170229013500
1702461170245696150
1702461170262378800
1702461170279061450
1702461170295744100
1702461170312426750
1702461170329109400
1702461170345792050
1702461170362474700
1702461170379157350
1702461170395840000
1702461170412522650
1702461170429205300
1702461170445887950
1702461170462570600
1702461170479253250
1702461170495935900
1702461170512618550
1702461170529301200
1702461170545983850
1702461170562666500
1702461170579349150
1702461170596031800
1702461170612714450
1702461170629397100
1702461170646079750
1702461170662762400
1702461170679445050
1702461170696127700
1702461170712810350
1702461170729493000
1702461170746175650
1702461170762858300
1702461170779540950
1702461170796223600
1702461170812906250
1702461170829588900
1702461170846271550
1702461170862954200
1702461170879636850
1702461170896319500
1702461170913002150
1702461170929684800
1702461170946367450
1702461170963050100
1702461170979732750
1702461170996415400
1702461171013098050
1702461171029780700
1702461171046463350
1702461171063146000
1702461171079828683
1702461171096511366
1702461171113194050
1702461171129876733
1702461171146559416
1702461171163242100
1702461171179924783
1702461171196607466
1702461171213290150
1702461171229972833
1702461171246655516
1702461171263338200
1702461171280020883
1702461171296703566
1702461171313386250
1702461171330068933
1702461171346751616
1702461171363434300
1702461171380116983
1702461171396799666
1702461171413482350
1702461171430165033
1702461171446847716
1702461171463530400
1702461171480213083
1702461171496895766
1702461171513578450
1702461171530261133
1702461171546943816
1702461171563626500
1702461171580309183
1702461171596991866
1702461171613674550
1702461171630357233
1702461171647039916
1702461171663722600
1702461171680405283
1702461171697087966
1702461171713770650
1702461171730453333
1702461171747136016
1702461171763818700
1702461171780501383
1702461171797184066
1702461171813866750
1702461171830549433
1702461171847232116
1702461171863914800
1702461171880597483
1702461171897280166
1702461171913962850
1702461171930645533
1702461171947328216
1702461171964010900
1702461171980693583
1702461171997376266
1702461172014058950
1702461172030741633
1702461172047424316
1702461172064107000
1702461172080792650
1702461172097478300
1702461172114163950
1702461172130849600
1702461172147535250
1702461172164220900
1702461172180906550
1702461172197592200
1702461172214277850
1702461172230963500
1702461172247649150
1702461172264334800
1702461172281020450
1702461172297706100
1702461172314391750
1702461172331077400
1702461172347763050
1702461172364448700
1702461172381134350
1702461172397820000
1702461172414505650
1702461172431191300
1702461172447876950
1702461172464562600
1702461172481248250
1702461172497933900
1702461172514619550
1702461172531305200
1702461172547990850
1702461172564676500
1702461172581362150
1702461172598047800
1702461172614733450
1702461172631419100
1702461172648104750
1702461172664790400
1702461172681476050
1702461172698161700
1702461172714847350
1702461172731533000
1702461172748218650
1702461172764904300
1702461172781589950
1702461172798275600
1702461172814961250
1702461172831646900
1702461172848332550
1702461172865018200
1702461172881703850
1702461172898389500
1702461172915075150
1702461172931760800
1702461172948446450
1702461172965132100
1702461172981817750
1702461172998503400
1702461173015189050
1702461173031874700
1702461173048560350
