1702461141034348000
1702461141067713300
1702461141101078600
1702461141134443900
1702461141167809200
1702461141201174500
1702461141234539800
1702461141267905100
1702461141301270400
1702461141334635700
1702461141368001000
1702461141401366300
1702461141434731600
1702461141468096900
1702461141501462200
1702461141534827500
1702461141568192800
1702461141601558100
1702461141634923400
1702461141668288700
1702461141701654000
1702461141735019300
1702461141768384600
1702461141801749900
1702461141835115200
1702461141868480500
1702461141901845800
1702461141935211100
1702461141968576400
1702461142001941700
1702461142035307000
1702461142068672366
1702461142102037733
1702461142135403100
1702461142168768466
1702461142202133833
1702461142235499200
1702461142268864566
1702461142302229933
1702461142335595300
1702461142368960666
1702461142402326033
1702461142435691400
1702461142469056766
1702461142502422133
1702461142535787500
1702461142569152866
1702461142602518233
1702461142635883600
1702461142669248966
1702461142702614333
1702461142735979700
1702461142769345066
1702461142802710433
1702461142836075800
1702461142869441166
1702461142902806533
1702461142936171900
1702461142969537266
1702461143002902633
1702461143036268000
1702461143069633333
1702461143102998666
1702461143136364000
1702461143169729333
1702461143203094666
1702461143236460000
1702461143269825333
1702461143303190666
1702461143336556000
1702461143369921333
1702461143403286666
1702461143436652000
1702461143470017333
1702461143503382666
1702461143536748000
1702461143570113333
1702461143603478666
1702461143636844000
1702461143670209333
1702461143703574666
1702461143736940000
1702461143770305333
1702461143803670666
1702461143837036000
1702461143870401333
1702461143903766666
1702461143937132000
1702461143970497333
1702461144003862666
1702461144037228000
1702461144070593333
1702461144103958666
1702461144137324000
1702461144170689333
1702461144204054666
1702461144237420000
1702461144270785333
1702461144304150666
1702461144337516000
1702461144370881333
1702461144404246666
1702461144437612000
1702461144470977333
1702461144504342666
1702461144537708000
1702461144571073333
1702461144604438666
1702461144637804000
1702461144671169333
1702461144704534666
1702461144737900000
1702461144771265333
1702461144804630666
1702461144837996000
1702461144871361333
1702461144904726666
1702461144938092000
1702461144971457333
1702461145004822666
1702461145038188000
1702461145071553300
1702461145104918600
1702461145138283900
1702461145171649200
1702461145205014500
1702461145238379800
1702461145271745100
1702461145305110400
1702461145338475700
1702461145371841000
1702461145405206300
1702461145438571600
1702461145471936900
1702461145505302200
1702461145538667500
1702461145572032800
1702461145605398100
1702461145638763400
1702461145672128700
1702461145705494000
1702461145738859300
1702461145772224600
1702461145805589900
1702461145838955200
1702461145872320500
1702461145905685800
1702461145939051100
1702461145972416400
1702461146005781700
1702461146039147000
1702461146072512300
1702461146105877600
1702461146139242900
1702461146160096212
1702461146176778862
1702461146193461512
1702461146210144162
1702461146226826812
1702461146243509462
1702461146260192112
1702461146276874762
1702461146293557412
1702461146310240062
1702461146326922712
1702461146343605362
1702461146360288012
1702461146376970662
1702461146393653312
1702461146410335962
1702461146427018612
1702461146443701262
1702461146460383912
1702461146477066562
1702461146493749212
1702461146510431862
1702461146543797162
1702461146577162462
1702461146610527762
1702461146643893062
1702461146677258362
1702461146710623662
1702461146743988962
1702461146777354262
1702461146810719562
1702461146844084862
1702461146877450162
1702461146910815462
1702461146944180762
1702461146977546062
1702461147010911362
1702461147044276670
1702461147077642037
1702461147111007404
1702461147144372770
1702461147177738137
1702461147211103504
1702461147244468870
1702461147277834237
1702461147311199604
1702461147344564970
1702461147377930337
1702461147411295704
1702461147444661070
1702461147478026437
1702461147511391804
1702461147544757170
1702461147578122537
1702461147611487904
1702461147644853270
1702461147678218637
1702461147711584004
1702461147744949370
1702461147778314737
1702461147811680104
1702461147845045470
1702461147878410837
1702461147911776204
1702461147945141570
1702461147978506937
1702461148011872304
1702461148045237662
1702461148078602962
1702461148111968262
1702461148145333562
1702461148178698862
1702461148212064162
1702461148245429462
1702461148278794762
1702461148312160062
1702461148345525362
1702461148378890662
1702461148412255962
1702461148445621262
1702461148478986562
1702461148512351862
1702461148545717162
1702461148579082462
1702461148612447762
1702461148645813062
1702461148679178362
1702461148712543662
1702461148745908962
1702461148779274262
1702461148812639562
1702461148846004862
1702461148879370162
1702461148912735462
1702461148946100762
1702461148979466062
1702461149012831362
1702461149046196670
1702461149079562037
1702461149112927404
1702461149146292770
1702461149179658137
1702461149213023504
1702461149246388870
1702461149279754237
1702461149313119604
1702461149346484970
1702461149379850337
1702461149413215704
1702461149446581070
1702461149479946437
1702461149513311804
1702461149546677170
1702461149580042537
1702461149613407904
1702461149646773270
1702461149680138637
1702461149713504004
1702461149746869370
1702461149780234737
1702461149813600104
1702461149846965470
1702461149880330837
1702461149913696204
1702461149947061570
1702461149980426937
1702461150013792304
1702461150047157662
1702461150080522962
1702461150113888262
1702461150147253562
1702461150180618862
1702461150213984162
1702461150247349462
1702461150280714762
1702461150314080062
1702461150347445362
1702461150380810662
1702461150414175962
1702461150447541262
1702461150480906562
1702461150514271862
1702461150547637162
1702461150581002462
1702461150614367762
1702461150647733062
1702461150681098362
1702461150714463662
1702461150747828962
1702461150781194262
1702461150814559562
1702461150847924862
1702461150881290162
1702461150914655462
1702461150948020762
1702461150981386062
1702461151014751362
1702461151048116670
1702461151081482037
1702461151114847404
1702461151148212770
1702461151181578137
1702461151214943504
1702461151248308870
1702461151281674237
1702461151315039604
1702461151348404970
1702461151381770337
1702461151415135704
1702461151448501070
1702461151481866437
1702461151515231804
1702461151548597170
1702461151581962537
1702461151615327904
1702461151648693270
1702461151682058637
1702461151715424004
1702461151748789370
1702461151782154737
1702461151815520104
1702461151848885470
1702461151882250837
1702461151915616204
1702461151948981570
1702461151982346937
1702461152015712304
1702461152049077662
1702461152082442962
1702461152115808262
1702461152149173562
1702461152182538862
1702461152215904162
1702461152249269462
1702461152282634762
1702461152316000062
1702461152349365362
1702461152382730662
1702461152416095962
1702461152449461262
1702461152482826562
1702461152516191862
1702461152549557162
1702461152582922462
1702461152616287762
1702461152649653062
1702461152683018362
1702461152716383662
1702461152749748962
1702461152783114262
1702461152816479562
1702461152849844862
1702461152883210162
1702461152916575462
1702461152949940762
1702461152983306062
1702461153016671362
1702461153050036670
1702461153083402037
1702461153116767404
1702461153150132770
1702461153183498137
1702461153216863504
1702461153250228870
1702461153283594237
1702461153316959604
1702461153350324970
1702461153383690337
1702461153417055704
1702461153450421070
1702461153483786437
1702461153517151804
1702461153550517170
1702461153583882537
1702461153617247904
1702461153650613270
1702461153683978637
1702461153717344004
1702461153750709370
1702461153784074737
1702461153817440104
1702461153850805470
1702461153884170837
1702461153917536204
1702461153950901570
1702461153984266937
1702461154017632304
1702461154050997662
1702461154084362962
1702461154117728262
1702461154151093562
1702461154184458862
1702461154217824162
1702461154251189462
1702461154284554762
1702461154317920062
1702461154351285362
1702461154384650662
1702461154418015962
1702461154451381262
1702461154484746562
1702461154518111862
1702461154551477162
1702461154584842462
1702461154618207762
1702461154651573062
1702461154684938362
1702461154718303662
1702461154751668962
1702461154785034262
1702461154818399562
1702461154851764862
1702461154885130162
1702461154918495462
1702461154951860762
1702461154985226062
1702461155018591362
1702461155051956670
1702461155085322037
1702461155118687404
1702461155152052770
1702461155185418137
1702461155218783504
1702461155252148870
1702461155285514237
1702461155318879604
1702461155352244970
1702461155385610337
1702461155418975704
1702461155452341070
1702461155485706437
1702461155519071804
1702461155552437170
1702461155585802537
1702461155619167904
1702461155652533270
1702461155685898637
1702461155719264004
1702461155752629370
1702461155785994737
1702461155819360104
1702461155852725470
1702461155886090837
1702461155919456204
1702461155952821570
1702461155986186937
1702461156019552304
1702461156052917662
1702461156086282962
1702461156119648262
1702461156153013562
1702461156186378862
1702461156219744162
1702461156253109462
1702461156286474762
1702461156319840062
1702461156353205362
1702461156386570662
1702461156419935962
1702461156453301262
1702461156486666562
1702461156520031862
1702461156553397162
1702461156586762462
1702461156620127762
1702461156653493062
1702461156686858362
1702461156720223662
1702461156753588962
1702461156786954262
1702461156820319562
1702461156853684862
1702461156887050162
1702461156920415462
1702461156953780762
1702461156987146062
1702461157020511362
1702461157053876670
1702461157087242037
1702461157120607404
1702461157153972770
1702461157187338137
1702461157220703504
1702461157254068870
1702461157287434237
1702461157320799604
1702461157354164970
1702461157387530337
1702461157420895704
1702461157454261070
1702461157487626437
1702461157520991804
1702461157554357170
1702461157587722537
1702461157621087904
1702461157654453270
1702461157687818637
1702461157721184004
1702461157754549370
1702461157787914737
1702461157821280104
1702461157854645470
1702461157888010837
1702461157921376204
1702461157954741570
1702461157988106937
1702461158021472304
1702461158054837662
1702461158088202962
1702461158121568262
1702461158154933562
1702461158188298862
1702461158221664162
1702461158255029462
1702461158288394762
1702461158321760062
1702461158355125362
1702461158388490662
1702461158421855962
1702461158455221262
1702461158488586562
1702461158521951862
1702461158555317162
1702461158588682462
1702461158622047762
1702461158655413062
1702461158688778362
1702461158722143662
1702461158755508962
1702461158788874262
1702461158822239562
1702461158855604862
1702461158888970162
1702461158922335462
1702461158955700762
1702461158989066062
1702461159022431362
1702461159055796670
1702461159089162037
1702461159122527404
1702461159155892770
1702461159189258137
1702461159222623504
1702461159255988870
1702461159289354237
1702461159322719604
1702461159356084970
1702461159389450337
1702461159422815704
1702461159456181070
1702461159472863754
1702461159489546437
1702461159506229120
1702461159522911804
1702461159556277170
1702461159589642537
1702461159623007904
1702461159656373270
1702461159689738637
1702461159723104004
1702461159756469370
1702461159789834737
1702461159823200104
1702461159856565470
1702461159889930837
1702461159923296204
1702461159956661570
1702461159990026937
1702461160023392304
1702461160056757662
1702461160090122962
1702461160106805612
1702461160123488262
1702461160140170912
1702461160156853562
1702461160173536212
1702461160190218862
1702461160223584162
1702461160256949462
1702461160290314762
1702461160323680062
1702461160357045362
1702461160390410662
1702461160423775962
1702461160457141262
1702461160490506562
1702461160523871862
1702461160557237162
1702461160590602462
1702461160623967762
1702461160640650412
1702461160657333062
1702461160674015712
1702461160690698362
1702461160707381012
1702461160724063662
1702461160740746312
1702461160757428962
1702461160774111612
1702461160790794262
1702461160807476912
1702461160824159562
1702461160840842212
1702461160857524862
1702461160874207512
1702461160890890162
1702461160907572812
1702461160924255462
1702461160940938112
1702461160957620762
1702461160974303412
1702461160990986062
1702461161007668712
1702461161024351362
1702461161041034012
1702461161057716670
1702461161074399354
1702461161091082037
1702461161107764720
1702461161124447404
1702461161141130087
1702461161157812770
1702461161174495454
1702461161191178137
1702461161207860820
1702461161224543504
1702461161241226187
1702461161257908870
1702461161274591554
1702461161291274237
1702461161307956920
1702461161324639604
1702461161341322287
1702461161358004970
1702461161374687654
1702461161391370337
1702461161408053020
1702461161424735704
1702461161441418387
1702461161458101070
1702461161474783754
1702461161491466437
1702461161508149120
1702461161524831804
1702461161541514487
1702461161558197170
1702461161574879854
1702461161591562537
1702461161599903879
1702461161608245220
1702461161616586562
1702461161624927904
1702461161633269245
1702461161641610587
1702461161649951929
1702461161658293270
1702461161666634612
1702461161674975954
1702461161683317295
1702461161691658637
1702461161699999979
1702461161708341320
1702461161716682662
1702461161725024004
1702461161733365345
1702461161741706687
1702461161750048029
1702461161758389370
1702461161766730712
1702461161775072054
1702461161783413395
1702461161791754737
1702461161800096079
1702461161808437420
1702461161816778762
1702461161825120104
1702461161833461445
1702461161841802787
1702461161850144129
1702461161858485470
1702461161866826812
1702461161875168154
1702461161883509495
1702461161891850837
1702461161900192179
1702461161908533520
1702461161916874862
1702461161925216204
1702461161933557545
1702461161941898887
1702461161950240229
1702461161958581570
1702461161966922912
1702461161975264254
1702461161983605595
1702461161991946937
1702461162000288279
1702461162008629620
1702461162016970962
1702461162025312304
1702461162033653645
1702461162041994987
1702461162050336329
1702461162058677662
1702461162067018987
1702461162075360312
1702461162083701637
1702461162092042962
1702461162100384287
1702461162108725612
1702461162117066937
1702461162125408262
1702461162133749587
1702461162142090912
1702461162150432237
1702461162158773562
1702461162167114887
1702461162175456212
1702461162183797537
1702461162192138862
1702461162200480187
1702461162208821512
1702461162217162837
1702461162225504162
1702461162233845487
1702461162242186812
1702461162250528137
1702461162258869462
1702461162267210787
1702461162275552112
1702461162283893437
1702461162292234762
1702461162300576087
1702461162308917412
1702461162317258737
1702461162325600062
1702461162333941387
1702461162342282712
1702461162350624037
1702461162358965362
1702461162367306687
1702461162375648012
1702461162383989337
1702461162392330662
1702461162400671987
1702461162409013312
1702461162417354637
1702461162425695962
1702461162434037287
1702461162442378612
1702461162450719937
1702461162459061262
1702461162467402587
1702461162475743912
1702461162484085237
1702461162492426562
1702461162500767887
1702461162509109212
1702461162517450537
1702461162525791862
1702461162534133187
1702461162542474512
1702461162550815837
1702461162559157162
1702461162567498487
1702461162575839812
1702461162584181137
1702461162592522462
1702461162600863787
1702461162609205112
1702461162617546437
1702461162625887762
1702461162634229087
1702461162642570412
1702461162650911737
1702461162659253062
1702461162667594387
1702461162675935712
1702461162684277037
1702461162692618362
1702461162700959687
1702461162709301012
1702461162717642337
1702461162725983662
1702461162734324987
1702461162742666312
1702461162751007637
1702461162759348962
1702461162767690287
1702461162776031612
1702461162784372937
1702461162792714262
1702461162801055587
1702461162809396912
1702461162817738237
1702461162826079562
1702461162834420887
1702461162842762212
1702461162851103537
1702461162859444862
1702461162867786187
1702461162876127512
1702461162884468837
1702461162892810162
1702461162901151487
1702461162909492812
1702461162917834137
1702461162926175462
1702461162934516787
1702461162942858112
1702461162947028775
1702461162951199437
1702461162955370100
1702461162959540762
1702461162963711425
1702461162967882087
1702461162972052750
1702461162976223412
1702461162980394075
1702461162984564737
1702461162988735400
1702461162992906062
1702461162997076725
1702461163001247387
1702461163005418050
1702461163009588712
1702461163013759375
1702461163017930037
1702461163022100700
1702461163026271362
1702461163030442025
1702461163034612687
1702461163038783350
1702461163042954012
1702461163047124675
1702461163051295337
1702461163055466000
1702461163059636670
1702461163063807341
1702461163067978012
1702461163072148683
1702461163076319354
1702461163080490025
1702461163084660695
1702461163088831366
1702461163093002037
1702461163097172708
1702461163101343379
1702461163105514050
1702461163109684720
1702461163113855391
1702461163118026062
1702461163122196733
1702461163126367404
1702461163130538075
1702461163134708745
1702461163138879416
1702461163143050087
1702461163147220758
1702461163151391429
1702461163155562100
1702461163159732770
1702461163163903441
1702461163168074112
1702461163172244783
1702461163176415454
1702461163180586125
1702461163184756795
1702461163188927466
1702461163193098137
1702461163197268808
1702461163201439479
1702461163205610150
1702461163209780820
1702461163213951491
1702461163218122162
1702461163222292833
1702461163226463504
1702461163230634175
1702461163234804845
1702461163238975516
1702461163243146187
1702461163247316858
1702461163251487529
1702461163255658200
1702461163259828870
1702461163263999541
1702461163268170212
1702461163272340883
1702461163276511554
1702461163280682225
1702461163284852895
1702461163289023566
1702461163293194237
1702461163297364908
1702461163301535579
1702461163305706250
1702461163309876920
1702461163314047591
1702461163318218262
1702461163322388933
1702461163326559604
1702461163330730275
1702461163334900945
1702461163339071616
1702461163343242287
1702461163347412958
1702461163351583629
1702461163355754300
1702461163359924970
1702461163364095641
1702461163368266312
1702461163372436983
1702461163376607654
1702461163380778325
1702461163384948995
1702461163389119666
1702461163393290337
1702461163397461008
1702461163401631679
1702461163405802350
1702461163409973020
1702461163414143691
1702461163418314362
1702461163422485033
1702461163426655704
1702461163430826375
1702461163434997045
1702461163439167716
1702461163443338387
1702461163447509058
1702461163451679729
1702461163455850400
1702461163460021070
1702461163464191741
1702461163468362412
1702461163472533083
1702461163476703754
1702461163480874425
1702461163485045095
1702461163489215766
1702461163493386437
1702461163497557108
1702461163501727779
1702461163505898450
1702461163510069120
1702461163514239791
1702461163518410462
1702461163522581133
1702461163526751804
1702461163530922475
1702461163535093145
1702461163539263816
1702461163543434487
1702461163547605158
1702461163551775829
1702461163555946500
1702461163560117170
1702461163564287841
1702461163568458512
1702461163572629183
1702461163576799854
1702461163580970525
1702461163585141195
1702461163589311866
1702461163593482537
1702461163597653208
1702461163601823879
1702461163605994550
1702461163610165220
1702461163614335891
1702461163618506562
1702461163622677233
1702461163626847904
1702461163631018575
1702461163635189245
1702461163639359916
1702461163643530587
1702461163647701258
1702461163651871929
1702461163656042600
1702461163660213270
1702461163664383941
1702461163668554612
1702461163672725283
1702461163676895954
1702461163681066625
1702461163685237295
1702461163689407966
1702461163693578637
1702461163697749308
1702461163701919979
1702461163706090650
1702461163710261320
1702461163714431991
1702461163718602662
1702461163722773333
1702461163726944004
1702461163731114675
1702461163735285345
1702461163739456016
1702461163743626687
1702461163747797358
1702461163751968029
1702461163756138700
1702461163760309370
1702461163764480041
1702461163768650712
1702461163772821383
1702461163776992054
1702461163781162725
1702461163785333395
1702461163789504066
1702461163793674737
1702461163797845408
1702461163802016079
1702461163806186750
1702461163810357420
1702461163814528091
1702461163818698762
1702461163822869433
1702461163827040104
1702461163831210775
1702461163835381445
1702461163839552116
1702461163843722787
1702461163847893458
1702461163852064129
1702461163856234800
1702461163860405470
1702461163864576141
1702461163868746812
1702461163872917483
1702461163877088154
1702461163881258825
1702461163885429495
1702461163889600166
1702461163893770837
1702461163897941508
1702461163902112179
1702461163906282850
1702461163910453520
1702461163914624191
1702461163918794862
1702461163922965533
1702461163927136204
1702461163931306875
1702461163935477545
1702461163939648216
1702461163943818887
1702461163947989558
1702461163952160229
1702461163956330900
1702461163960501570
1702461163964672241
1702461163968842912
1702461163973013583
1702461163977184254
1702461163981354925
1702461163985525595
1702461163989696266
1702461163993866937
1702461163998037608
1702461164002208279
1702461164006378950
1702461164010549620
1702461164014720291
1702461164018890962
1702461164023061633
1702461164027232304
1702461164031402975
1702461164035573645
1702461164039744316
1702461164043914987
1702461164048085658
1702461164052256329
1702461164056427000
1702461164060597662
1702461164064768325
1702461164068938987
1702461164073109650
1702461164077280312
1702461164081450975
1702461164085621637
1702461164089792300
1702461164093962962
1702461164098133625
1702461164102304287
1702461164106474950
1702461164110645612
1702461164114816275
1702461164118986937
1702461164123157600
1702461164127328262
1702461164131498925
1702461164135669587
1702461164139840250
1702461164144010912
1702461164148181575
1702461164152352237
1702461164156522900
1702461164160693562
1702461164164864225
1702461164169034887
1702461164173205550
1702461164177376212
1702461164181546875
1702461164185717537
1702461164189888200
1702461164194058862
1702461164198229525
1702461164202400187
1702461164206570850
1702461164210741512
1702461164214912175
1702461164219082837
1702461164223253500
1702461164227424162
1702461164231594825
1702461164235765487
1702461164239936150
1702461164244106812
1702461164248277475
1702461164252448137
1702461164256618800
1702461164260789462
1702461164264960125
1702461164269130787
1702461164273301450
1702461164277472112
1702461164281642775
1702461164285813437
1702461164289984100
1702461164294154762
1702461164298325425
1702461164302496087
1702461164306666750
1702461164310837412
1702461164315008075
1702461164319178737
1702461164323349400
1702461164327520062
1702461164331690725
1702461164335861387
1702461164340032050
1702461164344202712
1702461164348373375
1702461164352544037
1702461164356714700
1702461164360885362
1702461164365056025
1702461164369226687
1702461164373397350
1702461164377568012
1702461164381738675
1702461164385909337
1702461164390080000
1702461164394250662
1702461164398421325
1702461164402591987
1702461164406762650
1702461164410933312
1702461164415103975
1702461164419274637
1702461164423445300
1702461164427615962
1702461164431786625
1702461164435957287
1702461164440127950
1702461164444298612
1702461164448469275
1702461164452639937
1702461164456810600
1702461164460981262
1702461164465151925
1702461164469322587
1702461164473493250
1702461164477663912
1702461164481834575
1702461164486005237
1702461164490175900
1702461164494346562
1702461164498517225
1702461164502687887
1702461164506858550
1702461164511029212
1702461164515199875
1702461164519370537
1702461164523541200
1702461164527711862
1702461164531882525
1702461164536053187
1702461164540223850
1702461164544394512
1702461164548565175
1702461164552735837
1702461164556906500
1702461164561077162
1702461164565247825
1702461164569418487
1702461164573589150
1702461164577759812
1702461164586101137
1702461164594442462
1702461164602783787
1702461164611125112
1702461164619466437
1702461164627807762
1702461164636149087
1702461164644490412
1702461164652831737
1702461164661173062
1702461164669514387
1702461164677855712
1702461164686197037
1702461164694538362
1702461164702879687
1702461164711221012
1702461164719562337
1702461164727903662
1702461164736244987
1702461164744586312
1702461164752927637
1702461164761268962
1702461164769610287
1702461164777951612
1702461164786292937
1702461164794634262
1702461164802975587
1702461164811316912
1702461164819658237
1702461164827999562
1702461164836340887
1702461164844682212
1702461164853023537
1702461164861364862
1702461164869706187
1702461164878047512
1702461164886388837
1702461164894730162
1702461164903071487
1702461164911412812
1702461164919754137
1702461164928095462
1702461164936436787
1702461164944778112
1702461164953119437
1702461164961460762
1702461164969802087
1702461164978143412
1702461164986484737
1702461164994826062
1702461165003167387
1702461165011508712
1702461165019850037
1702461165028191362
1702461165036532687
1702461165044874012
1702461165053215337
1702461165061556670
1702461165069898012
1702461165078239354
1702461165086580695
1702461165094922037
1702461165103263379
1702461165111604720
1702461165119946062
1702461165128287404
1702461165136628745
1702461165144970087
1702461165153311429
1702461165161652770
1702461165169994112
1702461165178335454
1702461165186676795
1702461165195018137
1702461165203359479
1702461165211700820
1702461165220042162
1702461165228383504
1702461165236724845
1702461165245066187
1702461165253407529
1702461165261748870
1702461165270090212
1702461165278431554
1702461165286772895
1702461165295114237
1702461165303455579
1702461165311796920
1702461165320138262
1702461165328479604
1702461165336820945
1702461165345162287
1702461165353503629
1702461165370186312
1702461165386868995
1702461165403551679
1702461165420234362
1702461165436917045
1702461165453599729
1702461165470282412
1702461165486965095
1702461165503647779
1702461165520330462
1702461165537013145
1702461165553695829
1702461165570378512
1702461165587061195
1702461165603743879
1702461165620426562
1702461165637109245
1702461165653791929
1702461165670474612
1702461165687157295
1702461165703839979
1702461165720522662
1702461165737205345
1702461165753888029
1702461165770570712
1702461165787253395
1702461165803936079
1702461165820618762
1702461165837301445
1702461165853984129
1702461165870666812
1702461165887349495
1702461165904032179
1702461165920714862
1702461165937397545
1702461165954080229
1702461165970762912
1702461165987445595
1702461166020810962
1702461166054176329
1702461166087541637
1702461166120906937
1702461166154272237
1702461166187637537
1702461166221002837
1702461166254368137
1702461166287733437
1702461166321098737
1702461166354464037
1702461166387829337
1702461166421194637
1702461166454559937
1702461166487925237
1702461166521290537
1702461166554655837
1702461166588021137
1702461166621386437
1702461166654751737
1702461166688117037
1702461166721482337
1702461166754847637
1702461166788212937
1702461166821578237
1702461166854943537
1702461166888308837
1702461166921674137
1702461166955039437
1702461166988404737
1702461167021770037
1702461167055135337
1702461167088500695
1702461167121866062
1702461167155231429
1702461167188596795
1702461167221962162
1702461167255327529
1702461167288692895
1702461167322058262
1702461167355423629
1702461167388788995
1702461167422154362
1702461167455519729
1702461167488885095
1702461167522250462
1702461167555615829
1702461167588981195
1702461167622346562
1702461167655711929
1702461167689077295
1702461167722442662
1702461167755808029
1702461167789173395
1702461167822538762
1702461167855904129
1702461167889269495
1702461167922634862
1702461167956000229
1702461167989365595
1702461168022730962
1702461168056096329
1702461168089461637
1702461168122826937
1702461168156192237
1702461168189557537
1702461168222922837
1702461168256288137
1702461168289653437
1702461168323018737
1702461168356384037
1702461168389749337
1702461168423114637
1702461168456479937
1702461168489845237
1702461168523210537
1702461168556575837
1702461168589941137
1702461168623306437
1702461168656671737
1702461168690037037
1702461168723402337
1702461168756767637
1702461168790132937
1702461168823498237
1702461168856863537
1702461168890228837
1702461168923594137
1702461168956959437
1702461168990324737
1702461169023690037
1702461169057055337
1702461169090420695
1702461169123786062
1702461169157151429
1702461169190516795
1702461169223882162
1702461169257247529
1702461169290612895
1702461169323978262
1702461169357343629
1702461169390708995
1702461169424074362
1702461169457439729
1702461169490805095
1702461169524170462
1702461169557535829
1702461169590901195
1702461169624266562
1702461169657631929
1702461169690997295
1702461169724362662
1702461169757728029
1702461169791093395
1702461169824458762
1702461169857824129
1702461169891189495
1702461169924554862
1702461169957920229
1702461169991285595
1702461170024650962
1702461170058016329
1702461170091381637
1702461170124746937
1702461170158112237
1702461170191477537
1702461170224842837
1702461170258208137
1702461170291573437
1702461170324938737
1702461170358304037
1702461170391669337
1702461170425034637
1702461170458399937
1702461170491765237
1702461170525130537
1702461170558495837
1702461170591861137
1702461170625226437
1702461170658591737
1702461170691957037
1702461170725322337
1702461170758687637
1702461170792052937
1702461170825418237
1702461170858783537
1702461170892148837
1702461170925514137
1702461170958879437
1702461170992244737
1702461171025610037
1702461171058975337
1702461171092340695
1702461171125706062
1702461171159071429
1702461171192436795
1702461171225802162
1702461171259167529
1702461171292532895
1702461171325898262
1702461171359263629
1702461171392628995
1702461171425994362
1702461171459359729
1702461171492725095
1702461171526090462
1702461171559455829
1702461171592821195
1702461171626186562
1702461171659551929
1702461171692917295
1702461171726282662
1702461171759648029
1702461171793013395
1702461171826378762
1702461171859744129
1702461171893109495
1702461171926474862
1702461171959840229
1702461171993205595
1702461172026570962
1702461172059936329
1702461172093306887
1702461172126678187
1702461172160049487
1702461172193420787
1702461172226792087
1702461172260163387
1702461172293534687
1702461172326905987
1702461172360277287
1702461172393648587
1702461172427019887
1702461172460391187
1702461172493762487
1702461172527133787
1702461172560505087
1702461172593876387
1702461172627247687
1702461172660618987
1702461172693990287
1702461172727361587
1702461172760732887
1702461172794104187
1702461172827475487
1702461172860846787
1702461172894218087
1702461172927589387
1702461172960960687
1702461172994331987
1702461173027703287
1702461173061074587
