1702461141038518662
1702461141071883962
1702461141105249262
1702461141138614562
1702461141171979862
1702461141205345162
1702461141238710462
1702461141272075762
1702461141305441062
1702461141338806362
1702461141372171662
1702461141405536962
1702461141438902262
1702461141472267562
1702461141505632862
1702461141538998162
1702461141572363462
1702461141605728762
1702461141639094062
1702461141672459362
1702461141705824662
1702461141739189962
1702461141772555262
1702461141805920562
1702461141839285862
1702461141872651162
1702461141906016462
1702461141939381762
1702461141972747062
1702461142006112362
1702461142039477670
1702461142072843037
1702461142106208404
1702461142139573770
1702461142172939137
1702461142206304504
1702461142239669870
1702461142273035237
1702461142306400604
1702461142339765970
1702461142373131337
1702461142406496704
1702461142439862070
1702461142473227437
1702461142506592804
1702461142539958170
1702461142573323537
1702461142606688904
1702461142640054270
1702461142673419637
1702461142706785004
1702461142740150370
1702461142773515737
1702461142806881104
1702461142840246470
1702461142873611837
1702461142906977204
1702461142940342570
1702461142973707937
1702461143007073304
1702461143040438666
1702461143073804000
1702461143107169333
1702461143140534666
1702461143173900000
1702461143207265333
1702461143240630666
1702461143273996000
1702461143307361333
1702461143340726666
1702461143374092000
1702461143407457333
1702461143440822666
1702461143474188000
1702461143507553333
1702461143540918666
1702461143574284000
1702461143607649333
1702461143641014666
1702461143674380000
1702461143707745333
1702461143741110666
1702461143774476000
1702461143807841333
1702461143841206666
1702461143874572000
1702461143907937333
1702461143941302666
1702461143974668000
1702461144008033333
1702461144041398666
1702461144074764000
1702461144108129333
1702461144141494666
1702461144174860000
1702461144208225333
1702461144241590666
1702461144274956000
1702461144308321333
1702461144341686666
1702461144375052000
1702461144408417333
1702461144441782666
1702461144475148000
1702461144508513333
1702461144541878666
1702461144575244000
1702461144608609333
1702461144641974666
1702461144675340000
1702461144708705333
1702461144742070666
1702461144775436000
1702461144808801333
1702461144842166666
1702461144875532000
1702461144908897333
1702461144942262666
1702461144975628000
1702461145008993333
1702461145042358662
1702461145075723962
1702461145109089262
1702461145142454562
1702461145175819862
1702461145209185162
1702461145242550462
1702461145275915762
1702461145309281062
1702461145342646362
1702461145376011662
1702461145409376962
1702461145442742262
1702461145476107562
1702461145509472862
1702461145542838162
1702461145576203462
1702461145609568762
1702461145642934062
1702461145676299362
1702461145709664662
1702461145743029962
1702461145776395262
1702461145809760562
1702461145843125862
1702461145876491162
1702461145909856462
1702461145943221762
1702461145976587062
1702461146009952362
1702461146043317662
1702461146076682962
1702461146110048262
1702461146143413562
1702461146176778862
1702461146210144162
1702461146243509462
1702461146276874762
1702461146310240062
1702461146343605362
1702461146376970662
1702461146410335962
1702461146443701262
1702461146477066562
1702461146510431862
1702461146543797162
1702461146577162462
1702461146610527762
1702461146643893062
1702461146677258362
1702461146710623662
1702461146743988962
1702461146777354262
1702461146810719562
1702461146844084862
1702461146877450162
1702461146910815462
1702461146944180762
1702461146977546062
1702461147010911362
1702461147044276670
1702461147077642037
1702461147111007404
1702461147144372770
1702461147177738137
1702461147211103504
1702461147244468870
1702461147277834237
1702461147311199604
1702461147344564970
1702461147377930337
1702461147411295704
1702461147444661070
1702461147478026437
1702461147511391804
1702461147544757170
1702461147578122537
1702461147611487904
1702461147644853270
1702461147678218637
1702461147711584004
1702461147744949370
1702461147778314737
1702461147811680104
1702461147845045470
1702461147878410837
1702461147911776204
1702461147945141570
1702461147978506937
1702461148011872304
1702461148045237662
1702461148078602962
1702461148111968262
1702461148145333562
1702461148178698862
1702461148212064162
1702461148245429462
1702461148278794762
1702461148312160062
1702461148345525362
1702461148378890662
1702461148412255962
1702461148445621262
1702461148478986562
1702461148512351862
1702461148545717162
1702461148579082462
1702461148612447762
1702461148645813062
1702461148679178362
1702461148712543662
1702461148745908962
1702461148779274262
1702461148812639562
1702461148846004862
1702461148879370162
1702461148912735462
1702461148946100762
1702461148979466062
1702461149012831362
1702461149046196670
1702461149079562037
1702461149112927404
1702461149146292770
1702461149179658137
1702461149213023504
1702461149246388870
1702461149279754237
1702461149313119604
1702461149346484970
1702461149379850337
1702461149413215704
1702461149446581070
1702461149479946437
1702461149513311804
1702461149546677170
1702461149580042537
1702461149613407904
1702461149646773270
1702461149680138637
1702461149713504004
1702461149746869370
1702461149780234737
1702461149813600104
1702461149846965470
1702461149880330837
1702461149913696204
1702461149947061570
1702461149980426937
1702461150013792304
1702461150047157662
1702461150080522962
1702461150113888262
1702461150147253562
1702461150180618862
1702461150213984162
1702461150247349462
1702461150280714762
1702461150314080062
1702461150347445362
1702461150380810662
1702461150414175962
1702461150447541262
1702461150480906562
1702461150514271862
1702461150547637162
1702461150581002462
1702461150614367762
1702461150647733062
1702461150681098362
1702461150714463662
1702461150747828962
1702461150781194262
1702461150814559562
1702461150847924862
1702461150881290162
1702461150914655462
1702461150948020762
1702461150981386062
1702461151014751362
1702461151048116670
1702461151081482037
1702461151114847404
1702461151148212770
1702461151181578137
1702461151214943504
1702461151248308870
1702461151281674237
1702461151315039604
1702461151348404970
1702461151381770337
1702461151415135704
1702461151448501070
1702461151481866437
1702461151515231804
1702461151548597170
1702461151581962537
1702461151615327904
1702461151648693270
1702461151682058637
1702461151715424004
1702461151748789370
1702461151782154737
1702461151815520104
1702461151848885470
1702461151882250837
1702461151915616204
1702461151948981570
1702461151982346937
1702461152015712304
1702461152049077662
1702461152082442962
1702461152115808262
1702461152149173562
1702461152182538862
1702461152215904162
1702461152249269462
1702461152282634762
1702461152316000062
1702461152349365362
1702461152382730662
1702461152416095962
1702461152449461262
1702461152482826562
1702461152516191862
1702461152549557162
1702461152582922462
1702461152616287762
1702461152649653062
1702461152683018362
1702461152716383662
1702461152749748962
1702461152783114262
1702461152816479562
1702461152849844862
1702461152883210162
1702461152916575462
1702461152949940762
1702461152983306062
1702461153016671362
1702461153050036670
1702461153083402037
1702461153116767404
1702461153150132770
1702461153183498137
1702461153216863504
1702461153250228870
1702461153283594237
1702461153316959604
1702461153350324970
1702461153383690337
1702461153417055704
1702461153450421070
1702461153483786437
1702461153517151804
1702461153550517170
1702461153583882537
1702461153617247904
1702461153650613270
1702461153683978637
1702461153717344004
1702461153750709370
1702461153784074737
1702461153817440104
1702461153850805470
1702461153884170837
1702461153917536204
1702461153950901570
1702461153984266937
1702461154017632304
1702461154050997662
1702461154084362962
1702461154117728262
1702461154151093562
1702461154184458862
1702461154217824162
1702461154251189462
1702461154284554762
1702461154317920062
1702461154351285362
1702461154384650662
1702461154418015962
1702461154451381262
1702461154484746562
1702461154518111862
1702461154551477162
1702461154584842462
1702461154618207762
1702461154651573062
1702461154684938362
1702461154718303662
1702461154751668962
1702461154785034262
1702461154818399562
1702461154851764862
1702461154885130162
1702461154918495462
1702461154951860762
1702461154985226062
1702461155018591362
1702461155051956670
1702461155085322037
1702461155118687404
1702461155152052770
1702461155185418137
1702461155218783504
1702461155252148870
1702461155285514237
1702461155318879604
1702461155352244970
1702461155385610337
1702461155418975704
1702461155452341070
1702461155485706437
1702461155519071804
1702461155552437170
1702461155585802537
1702461155619167904
1702461155652533270
1702461155685898637
1702461155719264004
1702461155752629370
1702461155785994737
1702461155819360104
1702461155852725470
1702461155886090837
1702461155919456204
1702461155952821570
1702461155986186937
1702461156019552304
1702461156052917662
1702461156098794950
1702461156144672237
1702461156186378862
1702461156219744162
1702461156248938800
1702461156282304100
1702461156324010725
1702461156361546687
1702461156399082650
1702461156428277287
1702461156469983912
1702461156511690537
1702461156553397162
1702461156599274450
1702461156636810412
1702461156674346375
1702461156716053000
1702461156757759625
1702461156791124925
1702461156824490225
1702461156857855525
1702461156899562150
1702461156941268775
1702461156987146062
1702461157028852687
1702461157070559354
1702461157112266062
1702461157162314112
1702461157208191491
1702461157249898200
1702461157291604908
1702461157329140945
1702461157370847654
1702461157408383691
1702461157454261070
1702461157495967779
1702461157537674487
1702461157583551866
1702461157629429245
1702461157671135954
1702461157712842662
1702461157750378700
1702461157792085408
1702461157846304129
1702461157900522850
1702461157946400229
1702461157983936266
1702461158025642975
1702461158071520312
1702461158113226937
1702461158150762900
1702461158196640187
1702461158238346812
1702461158284224100
1702461158330101387
1702461158371808012
1702461158421855962
1702461158467733250
1702461158513610537
1702461158563658487
1702461158613706437
1702461158663754387
1702461158705461012
1702461158751338300
1702461158793044925
1702461158830580887
1702461158872287512
1702461158913994137
1702461158959871425
1702461159001578050
1702461159043284675
1702461159089162037
1702461159135039416
1702461159180916795
1702461159222623504
1702461159264330212
1702461159310207591
1702461159356084970
1702461159401962350
1702461159447839729
1702461159493717108
1702461159539594487
1702461159581301195
1702461159627178575
1702461159677226625
1702461159727274675
1702461159777322725
1702461159827370775
1702461159877418825
1702461159923296204
1702461159965002912
1702461160010880291
1702461160060928325
1702461160106805612
1702461160152682900
1702461160202730850
1702461160252778800
1702461160302826750
1702461160352874700
1702461160402922650
1702461160452970600
1702461160503018550
1702461160553066500
1702461160603114450
1702461160657333062
1702461160711551675
1702461160765770287
1702461160819988900
1702461160874207512
1702461160928426125
1702461160978474075
1702461161028522025
1702461161082740695
1702461161136959416
1702461161191178137
1702461161245396858
1702461161299615579
1702461161349663629
1702461161403882350
1702461161453930400
1702461161503978450
1702461161554026500
1702461161599903879
1702461161645781258
1702461161691658637
1702461161733365345
1702461161770901383
1702461161804266750
1702461161837632116
1702461161875168154
1702461161912704191
1702461161950240229
1702461161983605595
1702461162016970962
1702461162050336329
1702461162083701637
1702461162112896275
1702461162137920250
1702461162162944225
1702461162192138862
1702461162217162837
1702461162246357475
1702461162279722775
1702461162313088075
1702461162342282712
1702461162367306687
1702461162396501325
1702461162425695962
1702461162450719937
1702461162479914575
1702461162504938550
1702461162529962525
1702461162554986500
1702461162588351800
1702461162617546437
1702461162646741075
1702461162675935712
1702461162705130350
1702461162734324987
1702461162767690287
1702461162801055587
1702461162838591550
1702461162871956850
1702461162901151487
1702461162930346125
1702461162959540762
1702461162988735400
1702461163017930037
1702461163047124675
1702461163084660695
1702461163118026062
1702461163151391429
1702461163184756795
1702461163218122162
1702461163255658200
1702461163284852895
1702461163314047591
1702461163343242287
1702461163372436983
1702461163401631679
1702461163430826375
1702461163460021070
1702461163489215766
1702461163514239791
1702461163543434487
1702461163576799854
1702461163610165220
1702461163643530587
1702461163676895954
1702461163710261320
1702461163743626687
1702461163772821383
1702461163802016079
1702461163831210775
1702461163856234800
1702461163881258825
1702461163902112179
1702461163922965533
1702461163943818887
1702461163968842912
1702461163989696266
1702461164010549620
1702461164031402975
1702461164052256329
1702461164077280312
1702461164093962962
1702461164114816275
1702461164131498925
1702461164152352237
1702461164173205550
1702461164189888200
1702461164206570850
1702461164227424162
1702461164244106812
1702461164260789462
1702461164277472112
1702461164294154762
1702461164310837412
1702461164323349400
1702461164335861387
1702461164348373375
1702461164369226687
1702461164381738675
1702461164394250662
1702461164410933312
1702461164427615962
1702461164444298612
1702461164456810600
1702461164473493250
1702461164494346562
1702461164511029212
1702461164527711862
1702461164544394512
1702461164556906500
1702461164569418487
1702461164577759812
1702461164590271800
1702461164602783787
1702461164615295775
1702461164623637100
1702461164636149087
1702461164644490412
1702461164661173062
1702461164673685050
1702461164682026375
1702461164690367700
1702461164698709025
1702461164707050350
1702461164715391675
1702461164723733000
1702461164732074325
1702461164744586312
1702461164757098300
1702461164769610287
1702461164782122275
1702461164794634262
1702461164811316912
1702461164832170225
1702461164865535525
1702461164890559500
1702461164911412812
1702461164932266125
1702461164944778112
1702461164957290100
1702461164978143412
1702461164998996725
1702461165015679375
1702461165032362025
1702461165044874012
1702461165053215337
1702461165061556670
1702461165069898012
1702461165082410025
1702461165099092708
1702461165119946062
1702461165144970087
1702461165169994112
1702461165186676795
1702461165207530150
1702461165228383504
1702461165249236858
1702461165265919541
1702461165278431554
1702461165295114237
1702461165311796920
1702461165324308933
1702461165336820945
1702461165357674300
1702461165374356983
1702461165386868995
1702461165403551679
1702461165420234362
1702461165436917045
1702461165457770400
1702461165474453083
1702461165491135766
1702461165507818450
1702461165524501133
1702461165537013145
1702461165545354487
1702461165549525158
1702461165553695829
1702461165557866500
1702461165566207841
1702461165570378512
1702461165578719854
1702461165587061195
1702461165595402537
1702461165603743879
1702461165612085220
1702461165620426562
1702461165628767904
1702461165641279916
1702461165657962600
1702461165670474612
1702461165682986625
1702461165699669308
1702461165712181320
1702461165733034675
1702461165745546687
1702461165758058700
1702461165762229370
1702461165770570712
1702461165778912054
1702461165795594737
1702461165812277420
1702461165828960104
1702461165845642787
1702461165862325470
1702461165883178825
1702461165899861508
1702461165912373520
1702461165924885533
1702461165949909558
1702461165970762912
1702461165987445595
1702461166004128279
1702461166029152304
1702461166045834987
1702461166066688325
1702461166087541637
1702461166104224287
1702461166125077600
1702461166150101575
1702461166170954887
1702461166200149525
1702461166221002837
1702461166246026812
1702461166279392112
1702461166312757412
1702461166346122712
1702461166371146687
1702461166400341325
1702461166437877287
1702461166471242587
1702461166508778550
1702461166550485175
1702461166579679812
1702461166604703787
1702461166629727762
1702461166663093062
1702461166692287700
1702461166717311675
1702461166746506312
1702461166779871612
1702461166817407575
1702461166850772875
1702461166875796850
1702461166896650162
1702461166930015462
1702461166963380762
1702461166992575400
1702461167025940700
1702461167063476670
1702461167096842037
1702461167130207404
1702461167155231429
1702461167180255454
1702461167209450150
1702461167246986187
1702461167276180883
1702461167301204908
1702461167322058262
1702461167342911616
1702461167367935641
1702461167401301008
1702461167426325033
1702461167459690400
1702461167472202412
1702461167497226437
1702461167526421133
1702461167551445158
1702461167580639854
1702461167601493208
1702461167626517233
1702461167647370587
1702461167676565283
1702461167701589308
1702461167718271991
1702461167739125345
1702461167772490712
1702461167789173395
1702461167810026750
1702461167822538762
1702461167843392116
1702461167851733458
1702461167864245470
1702461167893440166
1702461167910122850
1702461167947658887
1702461167981024254
1702461168018560291
1702461168051925658
1702461168085290975
1702461168118656275
1702461168152021575
1702461168185386875
1702461168218752175
1702461168252117475
1702461168281312112
1702461168323018737
1702461168348042712
1702461168373066687
1702461168393920000
1702461168423114637
1702461168448138612
1702461168481503912
1702461168514869212
1702461168527381200
1702461168544063850
1702461168577429150
1702461168602453125
1702461168619135775
1702461168639989087
1702461168660842400
1702461168690037037
1702461168727573000
1702461168765108962
1702461168806815587
1702461168840180887
1702461168873546187
1702461168906911487
1702461168931935462
1702461168952788775
1702461168965300762
1702461168973642087
1702461168986154075
1702461168994495400
1702461169011178050
1702461169036202025
1702461169065396670
1702461169094591366
1702461169119615391
1702461169140468745
1702461169173834112
1702461169198858137
1702461169223882162
1702461169248906187
1702461169265588870
1702461169286442225
1702461169307295579
1702461169319807591
1702461169328148933
1702461169332319604
1702461169340660945
1702461169349002287
1702461169361514300
1702461169369855641
1702461169394879666
1702461169424074362
1702461169453269058
1702461169478293083
1702461169503317108
1702461169528341133
1702461169553365158
1702461169578389183
1702461169603413208
1702461169628437233
1702461169649290587
1702461169674314612
1702461169690997295
1702461169707679979
1702461169724362662
1702461169745216016
1702461169774410712
1702461169807776079
1702461169828629433
1702461169849482787
1702461169870336141
1702461169895360166
1702461169916213520
1702461169937066875
1702461169962090900
1702461169987114925
1702461170007968279
1702461170028821633
1702461170045504316
1702461170062187000
1702461170070528325
1702461170078869650
1702461170091381637
1702461170108064287
1702461170133088262
1702461170158112237
1702461170183136212
1702461170208160187
1702461170241525487
1702461170258208137
1702461170287402775
1702461170316597412
1702461170345792050
1702461170383328012
1702461170416693312
1702461170445887950
1702461170475082587
1702461170500106562
1702461170520959875
1702461170533471862
1702461170554325175
1702461170571007825
1702461170591861137
1702461170616885112
1702461170646079750
1702461170679445050
1702461170712810350
1702461170742004987
1702461170775370287
1702461170804564925
1702461170837930225
1702461170871295525
1702461170904660825
1702461170933855462
1702461170958879437
1702461170988074075
1702461171017268712
1702461171046463350
1702461171075658012
1702461171104852708
1702461171138218075
1702461171167412770
1702461171196607466
1702461171221631491
1702461171250826187
1702461171275850212
1702461171305044908
1702461171334239604
1702461171363434300
1702461171392628995
1702461171425994362
1702461171455189058
1702461171484383754
1702461171517749120
1702461171551114487
1702461171584479854
1702461171613674550
1702461171647039916
1702461171672063941
1702461171701258637
1702461171730453333
1702461171759648029
1702461171788842725
1702461171822208091
1702461171851402787
1702461171880597483
1702461171913962850
1702461171943157545
1702461171976522912
1702461172009888279
1702461172043253645
1702461172072449825
1702461172101649712
1702461172130849600
1702461172155878075
1702461172180906550
1702461172210106437
1702461172243477737
1702461172281020450
1702461172314391750
1702461172356105875
1702461172393648587
1702461172431191300
1702461172468734012
1702461172502105312
1702461172539648025
1702461172577190737
1702461172614733450
1702461172648104750
1702461172681476050
1702461172714847350
1702461172748218650
1702461172785761362
1702461172823304075
1702461172856675375
1702461172890046675
1702461172927589387
1702461172965132100
1702461173002674812
1702461173040217525
